2021/07/05-20:26:43.451953 10cccae00 RocksDB version: 6.12.7
2021/07/05-20:26:43.452488 10cccae00 Git sha rocksdb_build_git_sha:@0@
2021/07/05-20:26:43.452491 10cccae00 Compile date Feb 16 2021
2021/07/05-20:26:43.452522 10cccae00 DB SUMMARY
2021/07/05-20:26:43.452526 10cccae00 DB Session ID:  QW6DXEQMQT4MW8XINR7L
2021/07/05-20:26:43.452637 10cccae00 CURRENT file:  CURRENT
2021/07/05-20:26:43.452639 10cccae00 IDENTITY file:  IDENTITY
2021/07/05-20:26:43.452648 10cccae00 MANIFEST file:  MANIFEST-000004 size: 3978 Bytes
2021/07/05-20:26:43.452650 10cccae00 SST files in /Users/crinstaniev/Development/dfinity/dfinity-vite/.dfx/state/replicated_state/node-100/ic_consensus_pool/consensus dir, Total Num: 11, files: 000033.sst 000035.sst 000037.sst 000039.sst 000041.sst 000043.sst 000045.sst 000047.sst 000049.sst 
2021/07/05-20:26:43.452652 10cccae00 Write Ahead Log file in /Users/crinstaniev/Development/dfinity/dfinity-vite/.dfx/state/replicated_state/node-100/ic_consensus_pool/consensus: 000003.log size: 3594546 ; 000031.log size: 5878448 ; 
2021/07/05-20:26:43.452654 10cccae00                         Options.error_if_exists: 0
2021/07/05-20:26:43.452655 10cccae00                       Options.create_if_missing: 1
2021/07/05-20:26:43.452656 10cccae00                         Options.paranoid_checks: 1
2021/07/05-20:26:43.452657 10cccae00                                     Options.env: 0x10bcc3d88
2021/07/05-20:26:43.452660 10cccae00                                      Options.fs: Posix File System
2021/07/05-20:26:43.452661 10cccae00                                Options.info_log: 0x7fe0fef13a60
2021/07/05-20:26:43.452662 10cccae00                Options.max_file_opening_threads: 16
2021/07/05-20:26:43.452663 10cccae00                              Options.statistics: 0x0
2021/07/05-20:26:43.452664 10cccae00                               Options.use_fsync: 1
2021/07/05-20:26:43.452665 10cccae00                       Options.max_log_file_size: 0
2021/07/05-20:26:43.452666 10cccae00                  Options.max_manifest_file_size: 1073741824
2021/07/05-20:26:43.452667 10cccae00                   Options.log_file_time_to_roll: 0
2021/07/05-20:26:43.452668 10cccae00                       Options.keep_log_file_num: 1000
2021/07/05-20:26:43.452669 10cccae00                    Options.recycle_log_file_num: 0
2021/07/05-20:26:43.452671 10cccae00                         Options.allow_fallocate: 1
2021/07/05-20:26:43.452672 10cccae00                        Options.allow_mmap_reads: 0
2021/07/05-20:26:43.452673 10cccae00                       Options.allow_mmap_writes: 0
2021/07/05-20:26:43.452674 10cccae00                        Options.use_direct_reads: 0
2021/07/05-20:26:43.452675 10cccae00                        Options.use_direct_io_for_flush_and_compaction: 0
2021/07/05-20:26:43.452676 10cccae00          Options.create_missing_column_families: 1
2021/07/05-20:26:43.452676 10cccae00                              Options.db_log_dir: 
2021/07/05-20:26:43.452677 10cccae00                                 Options.wal_dir: /Users/crinstaniev/Development/dfinity/dfinity-vite/.dfx/state/replicated_state/node-100/ic_consensus_pool/consensus
2021/07/05-20:26:43.452678 10cccae00                Options.table_cache_numshardbits: 6
2021/07/05-20:26:43.452679 10cccae00                         Options.WAL_ttl_seconds: 0
2021/07/05-20:26:43.452680 10cccae00                       Options.WAL_size_limit_MB: 0
2021/07/05-20:26:43.452681 10cccae00                        Options.max_write_batch_group_size_bytes: 1048576
2021/07/05-20:26:43.452682 10cccae00             Options.manifest_preallocation_size: 4194304
2021/07/05-20:26:43.452683 10cccae00                     Options.is_fd_close_on_exec: 1
2021/07/05-20:26:43.452684 10cccae00                   Options.advise_random_on_open: 1
2021/07/05-20:26:43.452685 10cccae00                    Options.db_write_buffer_size: 0
2021/07/05-20:26:43.452685 10cccae00                    Options.write_buffer_manager: 0x7fe0fef13ab0
2021/07/05-20:26:43.452686 10cccae00         Options.access_hint_on_compaction_start: 1
2021/07/05-20:26:43.452687 10cccae00  Options.new_table_reader_for_compaction_inputs: 0
2021/07/05-20:26:43.452725 10cccae00           Options.random_access_max_buffer_size: 1048576
2021/07/05-20:26:43.452727 10cccae00                      Options.use_adaptive_mutex: 0
2021/07/05-20:26:43.452728 10cccae00                            Options.rate_limiter: 0x0
2021/07/05-20:26:43.452731 10cccae00     Options.sst_file_manager.rate_bytes_per_sec: 0
2021/07/05-20:26:43.452732 10cccae00                       Options.wal_recovery_mode: 2
2021/07/05-20:26:43.452733 10cccae00                  Options.enable_thread_tracking: 0
2021/07/05-20:26:43.452733 10cccae00                  Options.enable_pipelined_write: 0
2021/07/05-20:26:43.452734 10cccae00                  Options.unordered_write: 0
2021/07/05-20:26:43.452735 10cccae00         Options.allow_concurrent_memtable_write: 1
2021/07/05-20:26:43.452736 10cccae00      Options.enable_write_thread_adaptive_yield: 1
2021/07/05-20:26:43.452737 10cccae00             Options.write_thread_max_yield_usec: 100
2021/07/05-20:26:43.452738 10cccae00            Options.write_thread_slow_yield_usec: 3
2021/07/05-20:26:43.452738 10cccae00                               Options.row_cache: None
2021/07/05-20:26:43.452739 10cccae00                              Options.wal_filter: None
2021/07/05-20:26:43.452742 10cccae00             Options.avoid_flush_during_recovery: 0
2021/07/05-20:26:43.452743 10cccae00             Options.allow_ingest_behind: 0
2021/07/05-20:26:43.452744 10cccae00             Options.preserve_deletes: 0
2021/07/05-20:26:43.452745 10cccae00             Options.two_write_queues: 0
2021/07/05-20:26:43.452745 10cccae00             Options.manual_wal_flush: 0
2021/07/05-20:26:43.452746 10cccae00             Options.atomic_flush: 0
2021/07/05-20:26:43.452747 10cccae00             Options.avoid_unnecessary_blocking_io: 0
2021/07/05-20:26:43.452748 10cccae00                 Options.persist_stats_to_disk: 0
2021/07/05-20:26:43.452749 10cccae00                 Options.write_dbid_to_manifest: 0
2021/07/05-20:26:43.452750 10cccae00                 Options.log_readahead_size: 0
2021/07/05-20:26:43.452750 10cccae00                 Options.file_checksum_gen_factory: Unknown
2021/07/05-20:26:43.452753 10cccae00                 Options.best_efforts_recovery: 0
2021/07/05-20:26:43.452754 10cccae00                Options.max_bgerror_resume_count: 2147483647
2021/07/05-20:26:43.452755 10cccae00            Options.bgerror_resume_retry_interval: 1000000
2021/07/05-20:26:43.452755 10cccae00             Options.max_background_jobs: 2
2021/07/05-20:26:43.452756 10cccae00             Options.max_background_compactions: -1
2021/07/05-20:26:43.452757 10cccae00             Options.max_subcompactions: 1
2021/07/05-20:26:43.452758 10cccae00             Options.avoid_flush_during_shutdown: 0
2021/07/05-20:26:43.452759 10cccae00           Options.writable_file_max_buffer_size: 1048576
2021/07/05-20:26:43.452760 10cccae00             Options.delayed_write_rate : 16777216
2021/07/05-20:26:43.452761 10cccae00             Options.max_total_wal_size: 0
2021/07/05-20:26:43.452762 10cccae00             Options.delete_obsolete_files_period_micros: 21600000000
2021/07/05-20:26:43.452763 10cccae00                   Options.stats_dump_period_sec: 600
2021/07/05-20:26:43.452763 10cccae00                 Options.stats_persist_period_sec: 600
2021/07/05-20:26:43.452764 10cccae00                 Options.stats_history_buffer_size: 1048576
2021/07/05-20:26:43.452765 10cccae00                          Options.max_open_files: -1
2021/07/05-20:26:43.452766 10cccae00                          Options.bytes_per_sync: 0
2021/07/05-20:26:43.452767 10cccae00                      Options.wal_bytes_per_sync: 0
2021/07/05-20:26:43.452768 10cccae00                   Options.strict_bytes_per_sync: 0
2021/07/05-20:26:43.452769 10cccae00       Options.compaction_readahead_size: 0
2021/07/05-20:26:43.452770 10cccae00                  Options.max_background_flushes: -1
2021/07/05-20:26:43.452770 10cccae00 Compression algorithms supported:
2021/07/05-20:26:43.452773 10cccae00 	kZSTD supported: 1
2021/07/05-20:26:43.452774 10cccae00 	kZlibCompression supported: 1
2021/07/05-20:26:43.452793 10cccae00 	kXpressCompression supported: 0
2021/07/05-20:26:43.452794 10cccae00 	kSnappyCompression supported: 1
2021/07/05-20:26:43.452795 10cccae00 	kZSTDNotFinalCompression supported: 1
2021/07/05-20:26:43.452796 10cccae00 	kLZ4HCCompression supported: 1
2021/07/05-20:26:43.452797 10cccae00 	kLZ4Compression supported: 1
2021/07/05-20:26:43.452798 10cccae00 	kBZip2Compression supported: 1
2021/07/05-20:26:43.452802 10cccae00 Fast CRC32 supported: Supported on x86
2021/07/05-20:26:43.453300 10cccae00 [db/version_set.cc:4560] Recovering from manifest file: /Users/crinstaniev/Development/dfinity/dfinity-vite/.dfx/state/replicated_state/node-100/ic_consensus_pool/consensus/MANIFEST-000004
2021/07/05-20:26:43.453381 10cccae00 [db/column_family.cc:580] --------------- Options for column family [default]:
2021/07/05-20:26:43.453386 10cccae00               Options.comparator: leveldb.BytewiseComparator
2021/07/05-20:26:43.453388 10cccae00           Options.merge_operator: None
2021/07/05-20:26:43.453389 10cccae00        Options.compaction_filter: None
2021/07/05-20:26:43.453390 10cccae00        Options.compaction_filter_factory: None
2021/07/05-20:26:43.453391 10cccae00  Options.sst_partitioner_factory: None
2021/07/05-20:26:43.453392 10cccae00         Options.memtable_factory: SkipListFactory
2021/07/05-20:26:43.453393 10cccae00            Options.table_factory: BlockBasedTable
2021/07/05-20:26:43.453413 10cccae00            table_factory options:   flush_block_policy_factory: FlushBlockBySizePolicyFactory (0x7fe0fef082d0)
  cache_index_and_filter_blocks: 0
  cache_index_and_filter_blocks_with_high_priority: 1
  pin_l0_filter_and_index_blocks_in_cache: 0
  pin_top_level_index_and_filter: 1
  index_type: 0
  data_block_index_type: 0
  index_shortening: 1
  data_block_hash_table_util_ratio: 0.750000
  hash_index_allow_collision: 1
  checksum: 1
  no_block_cache: 0
  block_cache: 0x7fe0fef12968
  block_cache_name: LRUCache
  block_cache_options:
    capacity : 8388608
    num_shard_bits : 4
    strict_capacity_limit : 0
    memory_allocator : None
    high_pri_pool_ratio: 0.000
  block_cache_compressed: 0x0
  persistent_cache: 0x0
  block_size: 4096
  block_size_deviation: 10
  block_restart_interval: 16
  index_block_restart_interval: 1
  metadata_block_size: 4096
  partition_filters: 0
  use_delta_encoding: 1
  filter_policy: nullptr
  whole_key_filtering: 1
  verify_compression: 0
  read_amp_bytes_per_bit: 0
  format_version: 4
  enable_index_compression: 1
  block_align: 0
2021/07/05-20:26:43.453416 10cccae00        Options.write_buffer_size: 67108864
2021/07/05-20:26:43.453417 10cccae00  Options.max_write_buffer_number: 2
2021/07/05-20:26:43.453418 10cccae00          Options.compression: Snappy
2021/07/05-20:26:43.453419 10cccae00                  Options.bottommost_compression: Disabled
2021/07/05-20:26:43.453420 10cccae00       Options.prefix_extractor: nullptr
2021/07/05-20:26:43.453420 10cccae00   Options.memtable_insert_with_hint_prefix_extractor: nullptr
2021/07/05-20:26:43.453421 10cccae00             Options.num_levels: 7
2021/07/05-20:26:43.453422 10cccae00        Options.min_write_buffer_number_to_merge: 1
2021/07/05-20:26:43.453423 10cccae00     Options.max_write_buffer_number_to_maintain: 0
2021/07/05-20:26:43.453424 10cccae00     Options.max_write_buffer_size_to_maintain: 0
2021/07/05-20:26:43.453425 10cccae00            Options.bottommost_compression_opts.window_bits: -14
2021/07/05-20:26:43.453426 10cccae00                  Options.bottommost_compression_opts.level: 32767
2021/07/05-20:26:43.453427 10cccae00               Options.bottommost_compression_opts.strategy: 0
2021/07/05-20:26:43.453428 10cccae00         Options.bottommost_compression_opts.max_dict_bytes: 0
2021/07/05-20:26:43.453429 10cccae00         Options.bottommost_compression_opts.zstd_max_train_bytes: 0
2021/07/05-20:26:43.453429 10cccae00         Options.bottommost_compression_opts.parallel_threads: 1
2021/07/05-20:26:43.453430 10cccae00                  Options.bottommost_compression_opts.enabled: false
2021/07/05-20:26:43.453457 10cccae00            Options.compression_opts.window_bits: -14
2021/07/05-20:26:43.453459 10cccae00                  Options.compression_opts.level: 32767
2021/07/05-20:26:43.453459 10cccae00               Options.compression_opts.strategy: 0
2021/07/05-20:26:43.453460 10cccae00         Options.compression_opts.max_dict_bytes: 0
2021/07/05-20:26:43.453461 10cccae00         Options.compression_opts.zstd_max_train_bytes: 0
2021/07/05-20:26:43.453462 10cccae00         Options.compression_opts.parallel_threads: 1
2021/07/05-20:26:43.453463 10cccae00                  Options.compression_opts.enabled: false
2021/07/05-20:26:43.453464 10cccae00      Options.level0_file_num_compaction_trigger: 4
2021/07/05-20:26:43.453465 10cccae00          Options.level0_slowdown_writes_trigger: 20
2021/07/05-20:26:43.453465 10cccae00              Options.level0_stop_writes_trigger: 36
2021/07/05-20:26:43.453466 10cccae00                   Options.target_file_size_base: 67108864
2021/07/05-20:26:43.453467 10cccae00             Options.target_file_size_multiplier: 1
2021/07/05-20:26:43.453468 10cccae00                Options.max_bytes_for_level_base: 268435456
2021/07/05-20:26:43.453469 10cccae00 Options.level_compaction_dynamic_level_bytes: 0
2021/07/05-20:26:43.453470 10cccae00          Options.max_bytes_for_level_multiplier: 10.000000
2021/07/05-20:26:43.453471 10cccae00 Options.max_bytes_for_level_multiplier_addtl[0]: 1
2021/07/05-20:26:43.453472 10cccae00 Options.max_bytes_for_level_multiplier_addtl[1]: 1
2021/07/05-20:26:43.453473 10cccae00 Options.max_bytes_for_level_multiplier_addtl[2]: 1
2021/07/05-20:26:43.453474 10cccae00 Options.max_bytes_for_level_multiplier_addtl[3]: 1
2021/07/05-20:26:43.453475 10cccae00 Options.max_bytes_for_level_multiplier_addtl[4]: 1
2021/07/05-20:26:43.453476 10cccae00 Options.max_bytes_for_level_multiplier_addtl[5]: 1
2021/07/05-20:26:43.453476 10cccae00 Options.max_bytes_for_level_multiplier_addtl[6]: 1
2021/07/05-20:26:43.453477 10cccae00       Options.max_sequential_skip_in_iterations: 8
2021/07/05-20:26:43.453478 10cccae00                    Options.max_compaction_bytes: 1677721600
2021/07/05-20:26:43.453479 10cccae00                        Options.arena_block_size: 8388608
2021/07/05-20:26:43.453480 10cccae00   Options.soft_pending_compaction_bytes_limit: 68719476736
2021/07/05-20:26:43.453481 10cccae00   Options.hard_pending_compaction_bytes_limit: 274877906944
2021/07/05-20:26:43.453482 10cccae00       Options.rate_limit_delay_max_milliseconds: 100
2021/07/05-20:26:43.453483 10cccae00                Options.disable_auto_compactions: 0
2021/07/05-20:26:43.453484 10cccae00                        Options.compaction_style: kCompactionStyleLevel
2021/07/05-20:26:43.453485 10cccae00                          Options.compaction_pri: kMinOverlappingRatio
2021/07/05-20:26:43.453486 10cccae00 Options.compaction_options_universal.size_ratio: 1
2021/07/05-20:26:43.453487 10cccae00 Options.compaction_options_universal.min_merge_width: 2
2021/07/05-20:26:43.453487 10cccae00 Options.compaction_options_universal.max_merge_width: 4294967295
2021/07/05-20:26:43.453488 10cccae00 Options.compaction_options_universal.max_size_amplification_percent: 200
2021/07/05-20:26:43.453489 10cccae00 Options.compaction_options_universal.compression_size_percent: -1
2021/07/05-20:26:43.453493 10cccae00 Options.compaction_options_universal.stop_style: kCompactionStopStyleTotalSize
2021/07/05-20:26:43.453494 10cccae00 Options.compaction_options_fifo.max_table_files_size: 1073741824
2021/07/05-20:26:43.453495 10cccae00 Options.compaction_options_fifo.allow_compaction: 0
2021/07/05-20:26:43.453501 10cccae00                   Options.table_properties_collectors: 
2021/07/05-20:26:43.453502 10cccae00                   Options.inplace_update_support: 0
2021/07/05-20:26:43.453503 10cccae00                 Options.inplace_update_num_locks: 10000
2021/07/05-20:26:43.453504 10cccae00               Options.memtable_prefix_bloom_size_ratio: 0.000000
2021/07/05-20:26:43.453505 10cccae00               Options.memtable_whole_key_filtering: 0
2021/07/05-20:26:43.453524 10cccae00   Options.memtable_huge_page_size: 0
2021/07/05-20:26:43.453525 10cccae00                           Options.bloom_locality: 0
2021/07/05-20:26:43.453526 10cccae00                    Options.max_successive_merges: 0
2021/07/05-20:26:43.453527 10cccae00                Options.optimize_filters_for_hits: 0
2021/07/05-20:26:43.453528 10cccae00                Options.paranoid_file_checks: 0
2021/07/05-20:26:43.453528 10cccae00                Options.force_consistency_checks: 0
2021/07/05-20:26:43.453529 10cccae00                Options.report_bg_io_stats: 0
2021/07/05-20:26:43.453530 10cccae00                               Options.ttl: 2592000
2021/07/05-20:26:43.453531 10cccae00          Options.periodic_compaction_seconds: 0
2021/07/05-20:26:43.453876 10cccae00 [db/column_family.cc:580] --------------- Options for column family [RB]:
2021/07/05-20:26:43.453880 10cccae00               Options.comparator: leveldb.BytewiseComparator
2021/07/05-20:26:43.453882 10cccae00           Options.merge_operator: None
2021/07/05-20:26:43.453883 10cccae00        Options.compaction_filter: filter_outdated
2021/07/05-20:26:43.453884 10cccae00        Options.compaction_filter_factory: None
2021/07/05-20:26:43.453885 10cccae00  Options.sst_partitioner_factory: None
2021/07/05-20:26:43.453886 10cccae00         Options.memtable_factory: SkipListFactory
2021/07/05-20:26:43.453887 10cccae00            Options.table_factory: BlockBasedTable
2021/07/05-20:26:43.453902 10cccae00            table_factory options:   flush_block_policy_factory: FlushBlockBySizePolicyFactory (0x7fe0fef09b80)
  cache_index_and_filter_blocks: 0
  cache_index_and_filter_blocks_with_high_priority: 1
  pin_l0_filter_and_index_blocks_in_cache: 0
  pin_top_level_index_and_filter: 1
  index_type: 0
  data_block_index_type: 0
  index_shortening: 1
  data_block_hash_table_util_ratio: 0.750000
  hash_index_allow_collision: 1
  checksum: 1
  no_block_cache: 0
  block_cache: 0x7fe0fef09bc8
  block_cache_name: LRUCache
  block_cache_options:
    capacity : 8388608
    num_shard_bits : 4
    strict_capacity_limit : 0
    memory_allocator : None
    high_pri_pool_ratio: 0.000
  block_cache_compressed: 0x0
  persistent_cache: 0x0
  block_size: 4096
  block_size_deviation: 10
  block_restart_interval: 16
  index_block_restart_interval: 1
  metadata_block_size: 4096
  partition_filters: 0
  use_delta_encoding: 1
  filter_policy: nullptr
  whole_key_filtering: 1
  verify_compression: 0
  read_amp_bytes_per_bit: 0
  format_version: 4
  enable_index_compression: 1
  block_align: 0
2021/07/05-20:26:43.453905 10cccae00        Options.write_buffer_size: 67108864
2021/07/05-20:26:43.453906 10cccae00  Options.max_write_buffer_number: 2
2021/07/05-20:26:43.453907 10cccae00          Options.compression: NoCompression
2021/07/05-20:26:43.453908 10cccae00                  Options.bottommost_compression: Disabled
2021/07/05-20:26:43.453909 10cccae00       Options.prefix_extractor: nullptr
2021/07/05-20:26:43.453910 10cccae00   Options.memtable_insert_with_hint_prefix_extractor: nullptr
2021/07/05-20:26:43.453911 10cccae00             Options.num_levels: 7
2021/07/05-20:26:43.453912 10cccae00        Options.min_write_buffer_number_to_merge: 1
2021/07/05-20:26:43.453913 10cccae00     Options.max_write_buffer_number_to_maintain: 0
2021/07/05-20:26:43.453914 10cccae00     Options.max_write_buffer_size_to_maintain: 0
2021/07/05-20:26:43.453914 10cccae00            Options.bottommost_compression_opts.window_bits: -14
2021/07/05-20:26:43.453915 10cccae00                  Options.bottommost_compression_opts.level: 32767
2021/07/05-20:26:43.453916 10cccae00               Options.bottommost_compression_opts.strategy: 0
2021/07/05-20:26:43.453917 10cccae00         Options.bottommost_compression_opts.max_dict_bytes: 0
2021/07/05-20:26:43.453918 10cccae00         Options.bottommost_compression_opts.zstd_max_train_bytes: 0
2021/07/05-20:26:43.453919 10cccae00         Options.bottommost_compression_opts.parallel_threads: 1
2021/07/05-20:26:43.453945 10cccae00                  Options.bottommost_compression_opts.enabled: false
2021/07/05-20:26:43.453946 10cccae00            Options.compression_opts.window_bits: -14
2021/07/05-20:26:43.453947 10cccae00                  Options.compression_opts.level: 32767
2021/07/05-20:26:43.453948 10cccae00               Options.compression_opts.strategy: 0
2021/07/05-20:26:43.453949 10cccae00         Options.compression_opts.max_dict_bytes: 0
2021/07/05-20:26:43.453950 10cccae00         Options.compression_opts.zstd_max_train_bytes: 0
2021/07/05-20:26:43.453951 10cccae00         Options.compression_opts.parallel_threads: 1
2021/07/05-20:26:43.453952 10cccae00                  Options.compression_opts.enabled: false
2021/07/05-20:26:43.453953 10cccae00      Options.level0_file_num_compaction_trigger: 4
2021/07/05-20:26:43.453954 10cccae00          Options.level0_slowdown_writes_trigger: 20
2021/07/05-20:26:43.453954 10cccae00              Options.level0_stop_writes_trigger: 36
2021/07/05-20:26:43.453955 10cccae00                   Options.target_file_size_base: 67108864
2021/07/05-20:26:43.453956 10cccae00             Options.target_file_size_multiplier: 1
2021/07/05-20:26:43.453957 10cccae00                Options.max_bytes_for_level_base: 268435456
2021/07/05-20:26:43.453958 10cccae00 Options.level_compaction_dynamic_level_bytes: 0
2021/07/05-20:26:43.453959 10cccae00          Options.max_bytes_for_level_multiplier: 10.000000
2021/07/05-20:26:43.453960 10cccae00 Options.max_bytes_for_level_multiplier_addtl[0]: 1
2021/07/05-20:26:43.453961 10cccae00 Options.max_bytes_for_level_multiplier_addtl[1]: 1
2021/07/05-20:26:43.453962 10cccae00 Options.max_bytes_for_level_multiplier_addtl[2]: 1
2021/07/05-20:26:43.453963 10cccae00 Options.max_bytes_for_level_multiplier_addtl[3]: 1
2021/07/05-20:26:43.453964 10cccae00 Options.max_bytes_for_level_multiplier_addtl[4]: 1
2021/07/05-20:26:43.453964 10cccae00 Options.max_bytes_for_level_multiplier_addtl[5]: 1
2021/07/05-20:26:43.453965 10cccae00 Options.max_bytes_for_level_multiplier_addtl[6]: 1
2021/07/05-20:26:43.453966 10cccae00       Options.max_sequential_skip_in_iterations: 8
2021/07/05-20:26:43.453967 10cccae00                    Options.max_compaction_bytes: 1677721600
2021/07/05-20:26:43.453968 10cccae00                        Options.arena_block_size: 8388608
2021/07/05-20:26:43.453969 10cccae00   Options.soft_pending_compaction_bytes_limit: 68719476736
2021/07/05-20:26:43.453970 10cccae00   Options.hard_pending_compaction_bytes_limit: 274877906944
2021/07/05-20:26:43.453971 10cccae00       Options.rate_limit_delay_max_milliseconds: 100
2021/07/05-20:26:43.453971 10cccae00                Options.disable_auto_compactions: 1
2021/07/05-20:26:43.453972 10cccae00                        Options.compaction_style: kCompactionStyleLevel
2021/07/05-20:26:43.453974 10cccae00                          Options.compaction_pri: kMinOverlappingRatio
2021/07/05-20:26:43.453974 10cccae00 Options.compaction_options_universal.size_ratio: 1
2021/07/05-20:26:43.453975 10cccae00 Options.compaction_options_universal.min_merge_width: 2
2021/07/05-20:26:43.453976 10cccae00 Options.compaction_options_universal.max_merge_width: 4294967295
2021/07/05-20:26:43.453977 10cccae00 Options.compaction_options_universal.max_size_amplification_percent: 200
2021/07/05-20:26:43.453978 10cccae00 Options.compaction_options_universal.compression_size_percent: -1
2021/07/05-20:26:43.453979 10cccae00 Options.compaction_options_universal.stop_style: kCompactionStopStyleTotalSize
2021/07/05-20:26:43.453980 10cccae00 Options.compaction_options_fifo.max_table_files_size: 1073741824
2021/07/05-20:26:43.453981 10cccae00 Options.compaction_options_fifo.allow_compaction: 0
2021/07/05-20:26:43.453982 10cccae00                   Options.table_properties_collectors: 
2021/07/05-20:26:43.453983 10cccae00                   Options.inplace_update_support: 0
2021/07/05-20:26:43.453984 10cccae00                 Options.inplace_update_num_locks: 10000
2021/07/05-20:26:43.453985 10cccae00               Options.memtable_prefix_bloom_size_ratio: 0.000000
2021/07/05-20:26:43.454002 10cccae00               Options.memtable_whole_key_filtering: 0
2021/07/05-20:26:43.454003 10cccae00   Options.memtable_huge_page_size: 0
2021/07/05-20:26:43.454004 10cccae00                           Options.bloom_locality: 0
2021/07/05-20:26:43.454005 10cccae00                    Options.max_successive_merges: 0
2021/07/05-20:26:43.454006 10cccae00                Options.optimize_filters_for_hits: 0
2021/07/05-20:26:43.454007 10cccae00                Options.paranoid_file_checks: 0
2021/07/05-20:26:43.454007 10cccae00                Options.force_consistency_checks: 0
2021/07/05-20:26:43.454008 10cccae00                Options.report_bg_io_stats: 0
2021/07/05-20:26:43.454009 10cccae00                               Options.ttl: 2592000
2021/07/05-20:26:43.454010 10cccae00          Options.periodic_compaction_seconds: 2592000
2021/07/05-20:26:43.454046 10cccae00 [db/column_family.cc:580] --------------- Options for column family [FZ]:
2021/07/05-20:26:43.454048 10cccae00               Options.comparator: leveldb.BytewiseComparator
2021/07/05-20:26:43.454049 10cccae00           Options.merge_operator: None
2021/07/05-20:26:43.454050 10cccae00        Options.compaction_filter: filter_outdated
2021/07/05-20:26:43.454051 10cccae00        Options.compaction_filter_factory: None
2021/07/05-20:26:43.454052 10cccae00  Options.sst_partitioner_factory: None
2021/07/05-20:26:43.454053 10cccae00         Options.memtable_factory: SkipListFactory
2021/07/05-20:26:43.454053 10cccae00            Options.table_factory: BlockBasedTable
2021/07/05-20:26:43.454063 10cccae00            table_factory options:   flush_block_policy_factory: FlushBlockBySizePolicyFactory (0x7fe0fef0a740)
  cache_index_and_filter_blocks: 0
  cache_index_and_filter_blocks_with_high_priority: 1
  pin_l0_filter_and_index_blocks_in_cache: 0
  pin_top_level_index_and_filter: 1
  index_type: 0
  data_block_index_type: 0
  index_shortening: 1
  data_block_hash_table_util_ratio: 0.750000
  hash_index_allow_collision: 1
  checksum: 1
  no_block_cache: 0
  block_cache: 0x7fe0fef0a788
  block_cache_name: LRUCache
  block_cache_options:
    capacity : 8388608
    num_shard_bits : 4
    strict_capacity_limit : 0
    memory_allocator : None
    high_pri_pool_ratio: 0.000
  block_cache_compressed: 0x0
  persistent_cache: 0x0
  block_size: 4096
  block_size_deviation: 10
  block_restart_interval: 16
  index_block_restart_interval: 1
  metadata_block_size: 4096
  partition_filters: 0
  use_delta_encoding: 1
  filter_policy: nullptr
  whole_key_filtering: 1
  verify_compression: 0
  read_amp_bytes_per_bit: 0
  format_version: 4
  enable_index_compression: 1
  block_align: 0
2021/07/05-20:26:43.454065 10cccae00        Options.write_buffer_size: 67108864
2021/07/05-20:26:43.454066 10cccae00  Options.max_write_buffer_number: 2
2021/07/05-20:26:43.454067 10cccae00          Options.compression: NoCompression
2021/07/05-20:26:43.454068 10cccae00                  Options.bottommost_compression: Disabled
2021/07/05-20:26:43.454069 10cccae00       Options.prefix_extractor: nullptr
2021/07/05-20:26:43.454070 10cccae00   Options.memtable_insert_with_hint_prefix_extractor: nullptr
2021/07/05-20:26:43.454071 10cccae00             Options.num_levels: 7
2021/07/05-20:26:43.454072 10cccae00        Options.min_write_buffer_number_to_merge: 1
2021/07/05-20:26:43.454073 10cccae00     Options.max_write_buffer_number_to_maintain: 0
2021/07/05-20:26:43.454073 10cccae00     Options.max_write_buffer_size_to_maintain: 0
2021/07/05-20:26:43.454074 10cccae00            Options.bottommost_compression_opts.window_bits: -14
2021/07/05-20:26:43.454075 10cccae00                  Options.bottommost_compression_opts.level: 32767
2021/07/05-20:26:43.454076 10cccae00               Options.bottommost_compression_opts.strategy: 0
2021/07/05-20:26:43.454077 10cccae00         Options.bottommost_compression_opts.max_dict_bytes: 0
2021/07/05-20:26:43.454078 10cccae00         Options.bottommost_compression_opts.zstd_max_train_bytes: 0
2021/07/05-20:26:43.454079 10cccae00         Options.bottommost_compression_opts.parallel_threads: 1
2021/07/05-20:26:43.454095 10cccae00                  Options.bottommost_compression_opts.enabled: false
2021/07/05-20:26:43.454097 10cccae00            Options.compression_opts.window_bits: -14
2021/07/05-20:26:43.454097 10cccae00                  Options.compression_opts.level: 32767
2021/07/05-20:26:43.454098 10cccae00               Options.compression_opts.strategy: 0
2021/07/05-20:26:43.454099 10cccae00         Options.compression_opts.max_dict_bytes: 0
2021/07/05-20:26:43.454100 10cccae00         Options.compression_opts.zstd_max_train_bytes: 0
2021/07/05-20:26:43.454101 10cccae00         Options.compression_opts.parallel_threads: 1
2021/07/05-20:26:43.454102 10cccae00                  Options.compression_opts.enabled: false
2021/07/05-20:26:43.454103 10cccae00      Options.level0_file_num_compaction_trigger: 4
2021/07/05-20:26:43.454104 10cccae00          Options.level0_slowdown_writes_trigger: 20
2021/07/05-20:26:43.454105 10cccae00              Options.level0_stop_writes_trigger: 36
2021/07/05-20:26:43.454105 10cccae00                   Options.target_file_size_base: 67108864
2021/07/05-20:26:43.454106 10cccae00             Options.target_file_size_multiplier: 1
2021/07/05-20:26:43.454107 10cccae00                Options.max_bytes_for_level_base: 268435456
2021/07/05-20:26:43.454108 10cccae00 Options.level_compaction_dynamic_level_bytes: 0
2021/07/05-20:26:43.454109 10cccae00          Options.max_bytes_for_level_multiplier: 10.000000
2021/07/05-20:26:43.454110 10cccae00 Options.max_bytes_for_level_multiplier_addtl[0]: 1
2021/07/05-20:26:43.454111 10cccae00 Options.max_bytes_for_level_multiplier_addtl[1]: 1
2021/07/05-20:26:43.454112 10cccae00 Options.max_bytes_for_level_multiplier_addtl[2]: 1
2021/07/05-20:26:43.454113 10cccae00 Options.max_bytes_for_level_multiplier_addtl[3]: 1
2021/07/05-20:26:43.454114 10cccae00 Options.max_bytes_for_level_multiplier_addtl[4]: 1
2021/07/05-20:26:43.454115 10cccae00 Options.max_bytes_for_level_multiplier_addtl[5]: 1
2021/07/05-20:26:43.454116 10cccae00 Options.max_bytes_for_level_multiplier_addtl[6]: 1
2021/07/05-20:26:43.454116 10cccae00       Options.max_sequential_skip_in_iterations: 8
2021/07/05-20:26:43.454117 10cccae00                    Options.max_compaction_bytes: 1677721600
2021/07/05-20:26:43.454118 10cccae00                        Options.arena_block_size: 8388608
2021/07/05-20:26:43.454119 10cccae00   Options.soft_pending_compaction_bytes_limit: 68719476736
2021/07/05-20:26:43.454120 10cccae00   Options.hard_pending_compaction_bytes_limit: 274877906944
2021/07/05-20:26:43.454121 10cccae00       Options.rate_limit_delay_max_milliseconds: 100
2021/07/05-20:26:43.454122 10cccae00                Options.disable_auto_compactions: 1
2021/07/05-20:26:43.454123 10cccae00                        Options.compaction_style: kCompactionStyleLevel
2021/07/05-20:26:43.454124 10cccae00                          Options.compaction_pri: kMinOverlappingRatio
2021/07/05-20:26:43.454125 10cccae00 Options.compaction_options_universal.size_ratio: 1
2021/07/05-20:26:43.454126 10cccae00 Options.compaction_options_universal.min_merge_width: 2
2021/07/05-20:26:43.454127 10cccae00 Options.compaction_options_universal.max_merge_width: 4294967295
2021/07/05-20:26:43.454127 10cccae00 Options.compaction_options_universal.max_size_amplification_percent: 200
2021/07/05-20:26:43.454128 10cccae00 Options.compaction_options_universal.compression_size_percent: -1
2021/07/05-20:26:43.454130 10cccae00 Options.compaction_options_universal.stop_style: kCompactionStopStyleTotalSize
2021/07/05-20:26:43.454130 10cccae00 Options.compaction_options_fifo.max_table_files_size: 1073741824
2021/07/05-20:26:43.454131 10cccae00 Options.compaction_options_fifo.allow_compaction: 0
2021/07/05-20:26:43.454133 10cccae00                   Options.table_properties_collectors: 
2021/07/05-20:26:43.454133 10cccae00                   Options.inplace_update_support: 0
2021/07/05-20:26:43.454134 10cccae00                 Options.inplace_update_num_locks: 10000
2021/07/05-20:26:43.454148 10cccae00               Options.memtable_prefix_bloom_size_ratio: 0.000000
2021/07/05-20:26:43.454149 10cccae00               Options.memtable_whole_key_filtering: 0
2021/07/05-20:26:43.454150 10cccae00   Options.memtable_huge_page_size: 0
2021/07/05-20:26:43.454151 10cccae00                           Options.bloom_locality: 0
2021/07/05-20:26:43.454152 10cccae00                    Options.max_successive_merges: 0
2021/07/05-20:26:43.454153 10cccae00                Options.optimize_filters_for_hits: 0
2021/07/05-20:26:43.454154 10cccae00                Options.paranoid_file_checks: 0
2021/07/05-20:26:43.454155 10cccae00                Options.force_consistency_checks: 0
2021/07/05-20:26:43.454156 10cccae00                Options.report_bg_io_stats: 0
2021/07/05-20:26:43.454156 10cccae00                               Options.ttl: 2592000
2021/07/05-20:26:43.454157 10cccae00          Options.periodic_compaction_seconds: 2592000
2021/07/05-20:26:43.454192 10cccae00 [db/column_family.cc:580] --------------- Options for column family [NZ]:
2021/07/05-20:26:43.454194 10cccae00               Options.comparator: leveldb.BytewiseComparator
2021/07/05-20:26:43.454195 10cccae00           Options.merge_operator: None
2021/07/05-20:26:43.454196 10cccae00        Options.compaction_filter: filter_outdated
2021/07/05-20:26:43.454197 10cccae00        Options.compaction_filter_factory: None
2021/07/05-20:26:43.454198 10cccae00  Options.sst_partitioner_factory: None
2021/07/05-20:26:43.454198 10cccae00         Options.memtable_factory: SkipListFactory
2021/07/05-20:26:43.454199 10cccae00            Options.table_factory: BlockBasedTable
2021/07/05-20:26:43.454211 10cccae00            table_factory options:   flush_block_policy_factory: FlushBlockBySizePolicyFactory (0x7fe0fef0b300)
  cache_index_and_filter_blocks: 0
  cache_index_and_filter_blocks_with_high_priority: 1
  pin_l0_filter_and_index_blocks_in_cache: 0
  pin_top_level_index_and_filter: 1
  index_type: 0
  data_block_index_type: 0
  index_shortening: 1
  data_block_hash_table_util_ratio: 0.750000
  hash_index_allow_collision: 1
  checksum: 1
  no_block_cache: 0
  block_cache: 0x7fe0fef0b348
  block_cache_name: LRUCache
  block_cache_options:
    capacity : 8388608
    num_shard_bits : 4
    strict_capacity_limit : 0
    memory_allocator : None
    high_pri_pool_ratio: 0.000
  block_cache_compressed: 0x0
  persistent_cache: 0x0
  block_size: 4096
  block_size_deviation: 10
  block_restart_interval: 16
  index_block_restart_interval: 1
  metadata_block_size: 4096
  partition_filters: 0
  use_delta_encoding: 1
  filter_policy: nullptr
  whole_key_filtering: 1
  verify_compression: 0
  read_amp_bytes_per_bit: 0
  format_version: 4
  enable_index_compression: 1
  block_align: 0
2021/07/05-20:26:43.454213 10cccae00        Options.write_buffer_size: 67108864
2021/07/05-20:26:43.454214 10cccae00  Options.max_write_buffer_number: 2
2021/07/05-20:26:43.454215 10cccae00          Options.compression: NoCompression
2021/07/05-20:26:43.454216 10cccae00                  Options.bottommost_compression: Disabled
2021/07/05-20:26:43.454216 10cccae00       Options.prefix_extractor: nullptr
2021/07/05-20:26:43.454217 10cccae00   Options.memtable_insert_with_hint_prefix_extractor: nullptr
2021/07/05-20:26:43.454218 10cccae00             Options.num_levels: 7
2021/07/05-20:26:43.454219 10cccae00        Options.min_write_buffer_number_to_merge: 1
2021/07/05-20:26:43.454220 10cccae00     Options.max_write_buffer_number_to_maintain: 0
2021/07/05-20:26:43.454221 10cccae00     Options.max_write_buffer_size_to_maintain: 0
2021/07/05-20:26:43.454222 10cccae00            Options.bottommost_compression_opts.window_bits: -14
2021/07/05-20:26:43.454223 10cccae00                  Options.bottommost_compression_opts.level: 32767
2021/07/05-20:26:43.454224 10cccae00               Options.bottommost_compression_opts.strategy: 0
2021/07/05-20:26:43.454224 10cccae00         Options.bottommost_compression_opts.max_dict_bytes: 0
2021/07/05-20:26:43.454225 10cccae00         Options.bottommost_compression_opts.zstd_max_train_bytes: 0
2021/07/05-20:26:43.454241 10cccae00         Options.bottommost_compression_opts.parallel_threads: 1
2021/07/05-20:26:43.454243 10cccae00                  Options.bottommost_compression_opts.enabled: false
2021/07/05-20:26:43.454244 10cccae00            Options.compression_opts.window_bits: -14
2021/07/05-20:26:43.454244 10cccae00                  Options.compression_opts.level: 32767
2021/07/05-20:26:43.454245 10cccae00               Options.compression_opts.strategy: 0
2021/07/05-20:26:43.454246 10cccae00         Options.compression_opts.max_dict_bytes: 0
2021/07/05-20:26:43.454247 10cccae00         Options.compression_opts.zstd_max_train_bytes: 0
2021/07/05-20:26:43.454248 10cccae00         Options.compression_opts.parallel_threads: 1
2021/07/05-20:26:43.454249 10cccae00                  Options.compression_opts.enabled: false
2021/07/05-20:26:43.454250 10cccae00      Options.level0_file_num_compaction_trigger: 4
2021/07/05-20:26:43.454251 10cccae00          Options.level0_slowdown_writes_trigger: 20
2021/07/05-20:26:43.454252 10cccae00              Options.level0_stop_writes_trigger: 36
2021/07/05-20:26:43.454252 10cccae00                   Options.target_file_size_base: 67108864
2021/07/05-20:26:43.454253 10cccae00             Options.target_file_size_multiplier: 1
2021/07/05-20:26:43.454254 10cccae00                Options.max_bytes_for_level_base: 268435456
2021/07/05-20:26:43.454255 10cccae00 Options.level_compaction_dynamic_level_bytes: 0
2021/07/05-20:26:43.454256 10cccae00          Options.max_bytes_for_level_multiplier: 10.000000
2021/07/05-20:26:43.454257 10cccae00 Options.max_bytes_for_level_multiplier_addtl[0]: 1
2021/07/05-20:26:43.454258 10cccae00 Options.max_bytes_for_level_multiplier_addtl[1]: 1
2021/07/05-20:26:43.454259 10cccae00 Options.max_bytes_for_level_multiplier_addtl[2]: 1
2021/07/05-20:26:43.454260 10cccae00 Options.max_bytes_for_level_multiplier_addtl[3]: 1
2021/07/05-20:26:43.454261 10cccae00 Options.max_bytes_for_level_multiplier_addtl[4]: 1
2021/07/05-20:26:43.454262 10cccae00 Options.max_bytes_for_level_multiplier_addtl[5]: 1
2021/07/05-20:26:43.454262 10cccae00 Options.max_bytes_for_level_multiplier_addtl[6]: 1
2021/07/05-20:26:43.454263 10cccae00       Options.max_sequential_skip_in_iterations: 8
2021/07/05-20:26:43.454264 10cccae00                    Options.max_compaction_bytes: 1677721600
2021/07/05-20:26:43.454265 10cccae00                        Options.arena_block_size: 8388608
2021/07/05-20:26:43.454266 10cccae00   Options.soft_pending_compaction_bytes_limit: 68719476736
2021/07/05-20:26:43.454267 10cccae00   Options.hard_pending_compaction_bytes_limit: 274877906944
2021/07/05-20:26:43.454268 10cccae00       Options.rate_limit_delay_max_milliseconds: 100
2021/07/05-20:26:43.454269 10cccae00                Options.disable_auto_compactions: 1
2021/07/05-20:26:43.454270 10cccae00                        Options.compaction_style: kCompactionStyleLevel
