2021/07/05-18:27:43.008897 1125f0e00 RocksDB version: 6.12.7
2021/07/05-18:27:43.009398 1125f0e00 Git sha rocksdb_build_git_sha:@0@
2021/07/05-18:27:43.009401 1125f0e00 Compile date Feb 16 2021
2021/07/05-18:27:43.009429 1125f0e00 DB SUMMARY
2021/07/05-18:27:43.009432 1125f0e00 DB Session ID:  T3MZY8BMNDLE7I52TZKG
2021/07/05-18:27:43.009485 1125f0e00 SST files in /Users/crinstaniev/Development/dfinity/dfinity-vite/.dfx/state/replicated_state/node-100/ic_consensus_pool/consensus dir, Total Num: 0, files: 
2021/07/05-18:27:43.009488 1125f0e00 Write Ahead Log file in /Users/crinstaniev/Development/dfinity/dfinity-vite/.dfx/state/replicated_state/node-100/ic_consensus_pool/consensus: 
2021/07/05-18:27:43.009489 1125f0e00                         Options.error_if_exists: 0
2021/07/05-18:27:43.009490 1125f0e00                       Options.create_if_missing: 1
2021/07/05-18:27:43.009491 1125f0e00                         Options.paranoid_checks: 1
2021/07/05-18:27:43.009492 1125f0e00                                     Options.env: 0x103bfad88
2021/07/05-18:27:43.009495 1125f0e00                                      Options.fs: Posix File System
2021/07/05-18:27:43.009496 1125f0e00                                Options.info_log: 0x7ff59e42ebe0
2021/07/05-18:27:43.009497 1125f0e00                Options.max_file_opening_threads: 16
2021/07/05-18:27:43.009498 1125f0e00                              Options.statistics: 0x0
2021/07/05-18:27:43.009499 1125f0e00                               Options.use_fsync: 1
2021/07/05-18:27:43.009500 1125f0e00                       Options.max_log_file_size: 0
2021/07/05-18:27:43.009501 1125f0e00                  Options.max_manifest_file_size: 1073741824
2021/07/05-18:27:43.009502 1125f0e00                   Options.log_file_time_to_roll: 0
2021/07/05-18:27:43.009502 1125f0e00                       Options.keep_log_file_num: 1000
2021/07/05-18:27:43.009503 1125f0e00                    Options.recycle_log_file_num: 0
2021/07/05-18:27:43.009506 1125f0e00                         Options.allow_fallocate: 1
2021/07/05-18:27:43.009507 1125f0e00                        Options.allow_mmap_reads: 0
2021/07/05-18:27:43.009508 1125f0e00                       Options.allow_mmap_writes: 0
2021/07/05-18:27:43.009509 1125f0e00                        Options.use_direct_reads: 0
2021/07/05-18:27:43.009509 1125f0e00                        Options.use_direct_io_for_flush_and_compaction: 0
2021/07/05-18:27:43.009510 1125f0e00          Options.create_missing_column_families: 1
2021/07/05-18:27:43.009511 1125f0e00                              Options.db_log_dir: 
2021/07/05-18:27:43.009512 1125f0e00                                 Options.wal_dir: /Users/crinstaniev/Development/dfinity/dfinity-vite/.dfx/state/replicated_state/node-100/ic_consensus_pool/consensus
2021/07/05-18:27:43.009513 1125f0e00                Options.table_cache_numshardbits: 6
2021/07/05-18:27:43.009514 1125f0e00                         Options.WAL_ttl_seconds: 0
2021/07/05-18:27:43.009515 1125f0e00                       Options.WAL_size_limit_MB: 0
2021/07/05-18:27:43.009516 1125f0e00                        Options.max_write_batch_group_size_bytes: 1048576
2021/07/05-18:27:43.009517 1125f0e00             Options.manifest_preallocation_size: 4194304
2021/07/05-18:27:43.009517 1125f0e00                     Options.is_fd_close_on_exec: 1
2021/07/05-18:27:43.009518 1125f0e00                   Options.advise_random_on_open: 1
2021/07/05-18:27:43.009519 1125f0e00                    Options.db_write_buffer_size: 0
2021/07/05-18:27:43.009520 1125f0e00                    Options.write_buffer_manager: 0x7ff59e42eb60
2021/07/05-18:27:43.009521 1125f0e00         Options.access_hint_on_compaction_start: 1
2021/07/05-18:27:43.009522 1125f0e00  Options.new_table_reader_for_compaction_inputs: 0
2021/07/05-18:27:43.009523 1125f0e00           Options.random_access_max_buffer_size: 1048576
2021/07/05-18:27:43.009523 1125f0e00                      Options.use_adaptive_mutex: 0
2021/07/05-18:27:43.009524 1125f0e00                            Options.rate_limiter: 0x0
2021/07/05-18:27:43.009527 1125f0e00     Options.sst_file_manager.rate_bytes_per_sec: 0
2021/07/05-18:27:43.009550 1125f0e00                       Options.wal_recovery_mode: 2
2021/07/05-18:27:43.009551 1125f0e00                  Options.enable_thread_tracking: 0
2021/07/05-18:27:43.009552 1125f0e00                  Options.enable_pipelined_write: 0
2021/07/05-18:27:43.009553 1125f0e00                  Options.unordered_write: 0
2021/07/05-18:27:43.009554 1125f0e00         Options.allow_concurrent_memtable_write: 1
2021/07/05-18:27:43.009555 1125f0e00      Options.enable_write_thread_adaptive_yield: 1
2021/07/05-18:27:43.009555 1125f0e00             Options.write_thread_max_yield_usec: 100
2021/07/05-18:27:43.009556 1125f0e00            Options.write_thread_slow_yield_usec: 3
2021/07/05-18:27:43.009557 1125f0e00                               Options.row_cache: None
2021/07/05-18:27:43.009558 1125f0e00                              Options.wal_filter: None
2021/07/05-18:27:43.009561 1125f0e00             Options.avoid_flush_during_recovery: 0
2021/07/05-18:27:43.009562 1125f0e00             Options.allow_ingest_behind: 0
2021/07/05-18:27:43.009563 1125f0e00             Options.preserve_deletes: 0
2021/07/05-18:27:43.009564 1125f0e00             Options.two_write_queues: 0
2021/07/05-18:27:43.009565 1125f0e00             Options.manual_wal_flush: 0
2021/07/05-18:27:43.009565 1125f0e00             Options.atomic_flush: 0
2021/07/05-18:27:43.009566 1125f0e00             Options.avoid_unnecessary_blocking_io: 0
2021/07/05-18:27:43.009567 1125f0e00                 Options.persist_stats_to_disk: 0
2021/07/05-18:27:43.009568 1125f0e00                 Options.write_dbid_to_manifest: 0
2021/07/05-18:27:43.009569 1125f0e00                 Options.log_readahead_size: 0
2021/07/05-18:27:43.009570 1125f0e00                 Options.file_checksum_gen_factory: Unknown
2021/07/05-18:27:43.009573 1125f0e00                 Options.best_efforts_recovery: 0
2021/07/05-18:27:43.009573 1125f0e00                Options.max_bgerror_resume_count: 2147483647
2021/07/05-18:27:43.009574 1125f0e00            Options.bgerror_resume_retry_interval: 1000000
2021/07/05-18:27:43.009575 1125f0e00             Options.max_background_jobs: 2
2021/07/05-18:27:43.009576 1125f0e00             Options.max_background_compactions: -1
2021/07/05-18:27:43.009577 1125f0e00             Options.max_subcompactions: 1
2021/07/05-18:27:43.009578 1125f0e00             Options.avoid_flush_during_shutdown: 0
2021/07/05-18:27:43.009579 1125f0e00           Options.writable_file_max_buffer_size: 1048576
2021/07/05-18:27:43.009580 1125f0e00             Options.delayed_write_rate : 16777216
2021/07/05-18:27:43.009581 1125f0e00             Options.max_total_wal_size: 0
2021/07/05-18:27:43.009582 1125f0e00             Options.delete_obsolete_files_period_micros: 21600000000
2021/07/05-18:27:43.009583 1125f0e00                   Options.stats_dump_period_sec: 600
2021/07/05-18:27:43.009584 1125f0e00                 Options.stats_persist_period_sec: 600
2021/07/05-18:27:43.009584 1125f0e00                 Options.stats_history_buffer_size: 1048576
2021/07/05-18:27:43.009585 1125f0e00                          Options.max_open_files: -1
2021/07/05-18:27:43.009586 1125f0e00                          Options.bytes_per_sync: 0
2021/07/05-18:27:43.009587 1125f0e00                      Options.wal_bytes_per_sync: 0
2021/07/05-18:27:43.009588 1125f0e00                   Options.strict_bytes_per_sync: 0
2021/07/05-18:27:43.009589 1125f0e00       Options.compaction_readahead_size: 0
2021/07/05-18:27:43.009590 1125f0e00                  Options.max_background_flushes: -1
2021/07/05-18:27:43.009591 1125f0e00 Compression algorithms supported:
2021/07/05-18:27:43.009594 1125f0e00 	kZSTD supported: 1
2021/07/05-18:27:43.009595 1125f0e00 	kZlibCompression supported: 1
2021/07/05-18:27:43.009596 1125f0e00 	kXpressCompression supported: 0
2021/07/05-18:27:43.009597 1125f0e00 	kSnappyCompression supported: 1
2021/07/05-18:27:43.009598 1125f0e00 	kZSTDNotFinalCompression supported: 1
2021/07/05-18:27:43.009599 1125f0e00 	kLZ4HCCompression supported: 1
2021/07/05-18:27:43.009600 1125f0e00 	kLZ4Compression supported: 1
2021/07/05-18:27:43.009615 1125f0e00 	kBZip2Compression supported: 1
2021/07/05-18:27:43.009619 1125f0e00 Fast CRC32 supported: Supported on x86
2021/07/05-18:27:43.010255 1125f0e00 [db/db_impl/db_impl_open.cc:271] Creating manifest 1 
2021/07/05-18:27:43.011048 1125f0e00 [db/version_set.cc:4560] Recovering from manifest file: /Users/crinstaniev/Development/dfinity/dfinity-vite/.dfx/state/replicated_state/node-100/ic_consensus_pool/consensus/MANIFEST-000001
2021/07/05-18:27:43.011112 1125f0e00 [db/column_family.cc:580] --------------- Options for column family [default]:
2021/07/05-18:27:43.011116 1125f0e00               Options.comparator: leveldb.BytewiseComparator
2021/07/05-18:27:43.011118 1125f0e00           Options.merge_operator: None
2021/07/05-18:27:43.011119 1125f0e00        Options.compaction_filter: None
2021/07/05-18:27:43.011120 1125f0e00        Options.compaction_filter_factory: None
2021/07/05-18:27:43.011121 1125f0e00  Options.sst_partitioner_factory: None
2021/07/05-18:27:43.011122 1125f0e00         Options.memtable_factory: SkipListFactory
2021/07/05-18:27:43.011123 1125f0e00            Options.table_factory: BlockBasedTable
2021/07/05-18:27:43.011140 1125f0e00            table_factory options:   flush_block_policy_factory: FlushBlockBySizePolicyFactory (0x7ff59e4234d0)
  cache_index_and_filter_blocks: 0
  cache_index_and_filter_blocks_with_high_priority: 1
  pin_l0_filter_and_index_blocks_in_cache: 0
  pin_top_level_index_and_filter: 1
  index_type: 0
  data_block_index_type: 0
  index_shortening: 1
  data_block_hash_table_util_ratio: 0.750000
  hash_index_allow_collision: 1
  checksum: 1
  no_block_cache: 0
  block_cache: 0x7ff59e42db68
  block_cache_name: LRUCache
  block_cache_options:
    capacity : 8388608
    num_shard_bits : 4
    strict_capacity_limit : 0
    memory_allocator : None
    high_pri_pool_ratio: 0.000
  block_cache_compressed: 0x0
  persistent_cache: 0x0
  block_size: 4096
  block_size_deviation: 10
  block_restart_interval: 16
  index_block_restart_interval: 1
  metadata_block_size: 4096
  partition_filters: 0
  use_delta_encoding: 1
  filter_policy: nullptr
  whole_key_filtering: 1
  verify_compression: 0
  read_amp_bytes_per_bit: 0
  format_version: 4
  enable_index_compression: 1
  block_align: 0
2021/07/05-18:27:43.011143 1125f0e00        Options.write_buffer_size: 67108864
2021/07/05-18:27:43.011144 1125f0e00  Options.max_write_buffer_number: 2
2021/07/05-18:27:43.011145 1125f0e00          Options.compression: Snappy
2021/07/05-18:27:43.011146 1125f0e00                  Options.bottommost_compression: Disabled
2021/07/05-18:27:43.011147 1125f0e00       Options.prefix_extractor: nullptr
2021/07/05-18:27:43.011148 1125f0e00   Options.memtable_insert_with_hint_prefix_extractor: nullptr
2021/07/05-18:27:43.011149 1125f0e00             Options.num_levels: 7
2021/07/05-18:27:43.011150 1125f0e00        Options.min_write_buffer_number_to_merge: 1
2021/07/05-18:27:43.011151 1125f0e00     Options.max_write_buffer_number_to_maintain: 0
2021/07/05-18:27:43.011152 1125f0e00     Options.max_write_buffer_size_to_maintain: 0
2021/07/05-18:27:43.011153 1125f0e00            Options.bottommost_compression_opts.window_bits: -14
2021/07/05-18:27:43.011154 1125f0e00                  Options.bottommost_compression_opts.level: 32767
2021/07/05-18:27:43.011155 1125f0e00               Options.bottommost_compression_opts.strategy: 0
2021/07/05-18:27:43.011156 1125f0e00         Options.bottommost_compression_opts.max_dict_bytes: 0
2021/07/05-18:27:43.011156 1125f0e00         Options.bottommost_compression_opts.zstd_max_train_bytes: 0
2021/07/05-18:27:43.011157 1125f0e00         Options.bottommost_compression_opts.parallel_threads: 1
2021/07/05-18:27:43.011158 1125f0e00                  Options.bottommost_compression_opts.enabled: false
2021/07/05-18:27:43.011161 1125f0e00            Options.compression_opts.window_bits: -14
2021/07/05-18:27:43.011162 1125f0e00                  Options.compression_opts.level: 32767
2021/07/05-18:27:43.011163 1125f0e00               Options.compression_opts.strategy: 0
2021/07/05-18:27:43.011187 1125f0e00         Options.compression_opts.max_dict_bytes: 0
2021/07/05-18:27:43.011188 1125f0e00         Options.compression_opts.zstd_max_train_bytes: 0
2021/07/05-18:27:43.011189 1125f0e00         Options.compression_opts.parallel_threads: 1
2021/07/05-18:27:43.011190 1125f0e00                  Options.compression_opts.enabled: false
2021/07/05-18:27:43.011191 1125f0e00      Options.level0_file_num_compaction_trigger: 4
2021/07/05-18:27:43.011192 1125f0e00          Options.level0_slowdown_writes_trigger: 20
2021/07/05-18:27:43.011192 1125f0e00              Options.level0_stop_writes_trigger: 36
2021/07/05-18:27:43.011193 1125f0e00                   Options.target_file_size_base: 67108864
2021/07/05-18:27:43.011194 1125f0e00             Options.target_file_size_multiplier: 1
2021/07/05-18:27:43.011195 1125f0e00                Options.max_bytes_for_level_base: 268435456
2021/07/05-18:27:43.011196 1125f0e00 Options.level_compaction_dynamic_level_bytes: 0
2021/07/05-18:27:43.011197 1125f0e00          Options.max_bytes_for_level_multiplier: 10.000000
2021/07/05-18:27:43.011198 1125f0e00 Options.max_bytes_for_level_multiplier_addtl[0]: 1
2021/07/05-18:27:43.011199 1125f0e00 Options.max_bytes_for_level_multiplier_addtl[1]: 1
2021/07/05-18:27:43.011200 1125f0e00 Options.max_bytes_for_level_multiplier_addtl[2]: 1
2021/07/05-18:27:43.011201 1125f0e00 Options.max_bytes_for_level_multiplier_addtl[3]: 1
2021/07/05-18:27:43.011202 1125f0e00 Options.max_bytes_for_level_multiplier_addtl[4]: 1
2021/07/05-18:27:43.011203 1125f0e00 Options.max_bytes_for_level_multiplier_addtl[5]: 1
2021/07/05-18:27:43.011204 1125f0e00 Options.max_bytes_for_level_multiplier_addtl[6]: 1
2021/07/05-18:27:43.011205 1125f0e00       Options.max_sequential_skip_in_iterations: 8
2021/07/05-18:27:43.011206 1125f0e00                    Options.max_compaction_bytes: 1677721600
2021/07/05-18:27:43.011207 1125f0e00                        Options.arena_block_size: 8388608
2021/07/05-18:27:43.011208 1125f0e00   Options.soft_pending_compaction_bytes_limit: 68719476736
2021/07/05-18:27:43.011208 1125f0e00   Options.hard_pending_compaction_bytes_limit: 274877906944
2021/07/05-18:27:43.011209 1125f0e00       Options.rate_limit_delay_max_milliseconds: 100
2021/07/05-18:27:43.011210 1125f0e00                Options.disable_auto_compactions: 0
2021/07/05-18:27:43.011211 1125f0e00                        Options.compaction_style: kCompactionStyleLevel
2021/07/05-18:27:43.011212 1125f0e00                          Options.compaction_pri: kMinOverlappingRatio
2021/07/05-18:27:43.011213 1125f0e00 Options.compaction_options_universal.size_ratio: 1
2021/07/05-18:27:43.011214 1125f0e00 Options.compaction_options_universal.min_merge_width: 2
2021/07/05-18:27:43.011215 1125f0e00 Options.compaction_options_universal.max_merge_width: 4294967295
2021/07/05-18:27:43.011216 1125f0e00 Options.compaction_options_universal.max_size_amplification_percent: 200
2021/07/05-18:27:43.011217 1125f0e00 Options.compaction_options_universal.compression_size_percent: -1
2021/07/05-18:27:43.011218 1125f0e00 Options.compaction_options_universal.stop_style: kCompactionStopStyleTotalSize
2021/07/05-18:27:43.011219 1125f0e00 Options.compaction_options_fifo.max_table_files_size: 1073741824
2021/07/05-18:27:43.011220 1125f0e00 Options.compaction_options_fifo.allow_compaction: 0
2021/07/05-18:27:43.011225 1125f0e00                   Options.table_properties_collectors: 
2021/07/05-18:27:43.011226 1125f0e00                   Options.inplace_update_support: 0
2021/07/05-18:27:43.011227 1125f0e00                 Options.inplace_update_num_locks: 10000
2021/07/05-18:27:43.011228 1125f0e00               Options.memtable_prefix_bloom_size_ratio: 0.000000
2021/07/05-18:27:43.011229 1125f0e00               Options.memtable_whole_key_filtering: 0
2021/07/05-18:27:43.011230 1125f0e00   Options.memtable_huge_page_size: 0
2021/07/05-18:27:43.011231 1125f0e00                           Options.bloom_locality: 0
2021/07/05-18:27:43.011232 1125f0e00                    Options.max_successive_merges: 0
2021/07/05-18:27:43.011247 1125f0e00                Options.optimize_filters_for_hits: 0
2021/07/05-18:27:43.011249 1125f0e00                Options.paranoid_file_checks: 0
2021/07/05-18:27:43.011249 1125f0e00                Options.force_consistency_checks: 0
2021/07/05-18:27:43.011250 1125f0e00                Options.report_bg_io_stats: 0
2021/07/05-18:27:43.011251 1125f0e00                               Options.ttl: 2592000
2021/07/05-18:27:43.011252 1125f0e00          Options.periodic_compaction_seconds: 0
2021/07/05-18:27:43.011700 1125f0e00 [db/version_set.cc:4718] Recovered from manifest file:/Users/crinstaniev/Development/dfinity/dfinity-vite/.dfx/state/replicated_state/node-100/ic_consensus_pool/consensus/MANIFEST-000001 succeeded,manifest_file_number is 1, next_file_number is 3, last_sequence is 0, log_number is 0,prev_log_number is 0,max_column_family is 0,min_log_number_to_keep is 0
2021/07/05-18:27:43.011706 1125f0e00 [db/version_set.cc:4727] Column family [default] (ID 0), log number is 0
2021/07/05-18:27:43.011943 1125f0e00 [db/version_set.cc:3950] Creating manifest 4
2021/07/05-18:27:43.012642 1125f0e00 [db/column_family.cc:580] --------------- Options for column family [RB]:
2021/07/05-18:27:43.012645 1125f0e00               Options.comparator: leveldb.BytewiseComparator
2021/07/05-18:27:43.012647 1125f0e00           Options.merge_operator: None
2021/07/05-18:27:43.012648 1125f0e00        Options.compaction_filter: filter_outdated
2021/07/05-18:27:43.012649 1125f0e00        Options.compaction_filter_factory: None
2021/07/05-18:27:43.012650 1125f0e00  Options.sst_partitioner_factory: None
2021/07/05-18:27:43.012651 1125f0e00         Options.memtable_factory: SkipListFactory
2021/07/05-18:27:43.012652 1125f0e00            Options.table_factory: BlockBasedTable
2021/07/05-18:27:43.012671 1125f0e00            table_factory options:   flush_block_policy_factory: FlushBlockBySizePolicyFactory (0x7ff59e424d80)
  cache_index_and_filter_blocks: 0
  cache_index_and_filter_blocks_with_high_priority: 1
  pin_l0_filter_and_index_blocks_in_cache: 0
  pin_top_level_index_and_filter: 1
  index_type: 0
  data_block_index_type: 0
  index_shortening: 1
  data_block_hash_table_util_ratio: 0.750000
  hash_index_allow_collision: 1
  checksum: 1
  no_block_cache: 0
  block_cache: 0x7ff59e424dc8
  block_cache_name: LRUCache
  block_cache_options:
    capacity : 8388608
    num_shard_bits : 4
    strict_capacity_limit : 0
    memory_allocator : None
    high_pri_pool_ratio: 0.000
  block_cache_compressed: 0x0
  persistent_cache: 0x0
  block_size: 4096
  block_size_deviation: 10
  block_restart_interval: 16
  index_block_restart_interval: 1
  metadata_block_size: 4096
  partition_filters: 0
  use_delta_encoding: 1
  filter_policy: nullptr
  whole_key_filtering: 1
  verify_compression: 0
  read_amp_bytes_per_bit: 0
  format_version: 4
  enable_index_compression: 1
  block_align: 0
2021/07/05-18:27:43.012676 1125f0e00        Options.write_buffer_size: 67108864
2021/07/05-18:27:43.012677 1125f0e00  Options.max_write_buffer_number: 2
2021/07/05-18:27:43.012678 1125f0e00          Options.compression: NoCompression
2021/07/05-18:27:43.012679 1125f0e00                  Options.bottommost_compression: Disabled
2021/07/05-18:27:43.012680 1125f0e00       Options.prefix_extractor: nullptr
2021/07/05-18:27:43.012681 1125f0e00   Options.memtable_insert_with_hint_prefix_extractor: nullptr
2021/07/05-18:27:43.012682 1125f0e00             Options.num_levels: 7
2021/07/05-18:27:43.012683 1125f0e00        Options.min_write_buffer_number_to_merge: 1
2021/07/05-18:27:43.012684 1125f0e00     Options.max_write_buffer_number_to_maintain: 0
2021/07/05-18:27:43.012685 1125f0e00     Options.max_write_buffer_size_to_maintain: 0
2021/07/05-18:27:43.012686 1125f0e00            Options.bottommost_compression_opts.window_bits: -14
2021/07/05-18:27:43.012687 1125f0e00                  Options.bottommost_compression_opts.level: 32767
2021/07/05-18:27:43.012688 1125f0e00               Options.bottommost_compression_opts.strategy: 0
2021/07/05-18:27:43.012689 1125f0e00         Options.bottommost_compression_opts.max_dict_bytes: 0
2021/07/05-18:27:43.012690 1125f0e00         Options.bottommost_compression_opts.zstd_max_train_bytes: 0
2021/07/05-18:27:43.012691 1125f0e00         Options.bottommost_compression_opts.parallel_threads: 1
2021/07/05-18:27:43.012691 1125f0e00                  Options.bottommost_compression_opts.enabled: false
2021/07/05-18:27:43.012692 1125f0e00            Options.compression_opts.window_bits: -14
2021/07/05-18:27:43.012693 1125f0e00                  Options.compression_opts.level: 32767
2021/07/05-18:27:43.012694 1125f0e00               Options.compression_opts.strategy: 0
2021/07/05-18:27:43.012695 1125f0e00         Options.compression_opts.max_dict_bytes: 0
2021/07/05-18:27:43.012696 1125f0e00         Options.compression_opts.zstd_max_train_bytes: 0
2021/07/05-18:27:43.012697 1125f0e00         Options.compression_opts.parallel_threads: 1
2021/07/05-18:27:43.012698 1125f0e00                  Options.compression_opts.enabled: false
2021/07/05-18:27:43.012698 1125f0e00      Options.level0_file_num_compaction_trigger: 4
2021/07/05-18:27:43.012718 1125f0e00          Options.level0_slowdown_writes_trigger: 20
2021/07/05-18:27:43.012719 1125f0e00              Options.level0_stop_writes_trigger: 36
2021/07/05-18:27:43.012720 1125f0e00                   Options.target_file_size_base: 67108864
2021/07/05-18:27:43.012721 1125f0e00             Options.target_file_size_multiplier: 1
2021/07/05-18:27:43.012722 1125f0e00                Options.max_bytes_for_level_base: 268435456
2021/07/05-18:27:43.012723 1125f0e00 Options.level_compaction_dynamic_level_bytes: 0
2021/07/05-18:27:43.012724 1125f0e00          Options.max_bytes_for_level_multiplier: 10.000000
2021/07/05-18:27:43.012725 1125f0e00 Options.max_bytes_for_level_multiplier_addtl[0]: 1
2021/07/05-18:27:43.012726 1125f0e00 Options.max_bytes_for_level_multiplier_addtl[1]: 1
2021/07/05-18:27:43.012727 1125f0e00 Options.max_bytes_for_level_multiplier_addtl[2]: 1
2021/07/05-18:27:43.012728 1125f0e00 Options.max_bytes_for_level_multiplier_addtl[3]: 1
2021/07/05-18:27:43.012729 1125f0e00 Options.max_bytes_for_level_multiplier_addtl[4]: 1
2021/07/05-18:27:43.012730 1125f0e00 Options.max_bytes_for_level_multiplier_addtl[5]: 1
2021/07/05-18:27:43.012731 1125f0e00 Options.max_bytes_for_level_multiplier_addtl[6]: 1
2021/07/05-18:27:43.012732 1125f0e00       Options.max_sequential_skip_in_iterations: 8
2021/07/05-18:27:43.012733 1125f0e00                    Options.max_compaction_bytes: 1677721600
2021/07/05-18:27:43.012733 1125f0e00                        Options.arena_block_size: 8388608
2021/07/05-18:27:43.012734 1125f0e00   Options.soft_pending_compaction_bytes_limit: 68719476736
2021/07/05-18:27:43.012735 1125f0e00   Options.hard_pending_compaction_bytes_limit: 274877906944
2021/07/05-18:27:43.012736 1125f0e00       Options.rate_limit_delay_max_milliseconds: 100
2021/07/05-18:27:43.012737 1125f0e00                Options.disable_auto_compactions: 1
2021/07/05-18:27:43.012738 1125f0e00                        Options.compaction_style: kCompactionStyleLevel
2021/07/05-18:27:43.012739 1125f0e00                          Options.compaction_pri: kMinOverlappingRatio
2021/07/05-18:27:43.012740 1125f0e00 Options.compaction_options_universal.size_ratio: 1
2021/07/05-18:27:43.012741 1125f0e00 Options.compaction_options_universal.min_merge_width: 2
2021/07/05-18:27:43.012742 1125f0e00 Options.compaction_options_universal.max_merge_width: 4294967295
2021/07/05-18:27:43.012743 1125f0e00 Options.compaction_options_universal.max_size_amplification_percent: 200
2021/07/05-18:27:43.012744 1125f0e00 Options.compaction_options_universal.compression_size_percent: -1
2021/07/05-18:27:43.012745 1125f0e00 Options.compaction_options_universal.stop_style: kCompactionStopStyleTotalSize
2021/07/05-18:27:43.012746 1125f0e00 Options.compaction_options_fifo.max_table_files_size: 1073741824
2021/07/05-18:27:43.012747 1125f0e00 Options.compaction_options_fifo.allow_compaction: 0
2021/07/05-18:27:43.012748 1125f0e00                   Options.table_properties_collectors: 
2021/07/05-18:27:43.012749 1125f0e00                   Options.inplace_update_support: 0
2021/07/05-18:27:43.012750 1125f0e00                 Options.inplace_update_num_locks: 10000
2021/07/05-18:27:43.012751 1125f0e00               Options.memtable_prefix_bloom_size_ratio: 0.000000
2021/07/05-18:27:43.012752 1125f0e00               Options.memtable_whole_key_filtering: 0
2021/07/05-18:27:43.012753 1125f0e00   Options.memtable_huge_page_size: 0
2021/07/05-18:27:43.012754 1125f0e00                           Options.bloom_locality: 0
2021/07/05-18:27:43.012755 1125f0e00                    Options.max_successive_merges: 0
2021/07/05-18:27:43.012755 1125f0e00                Options.optimize_filters_for_hits: 0
2021/07/05-18:27:43.012756 1125f0e00                Options.paranoid_file_checks: 0
2021/07/05-18:27:43.012757 1125f0e00                Options.force_consistency_checks: 0
2021/07/05-18:27:43.012758 1125f0e00                Options.report_bg_io_stats: 0
2021/07/05-18:27:43.012759 1125f0e00                               Options.ttl: 2592000
2021/07/05-18:27:43.012760 1125f0e00          Options.periodic_compaction_seconds: 2592000
2021/07/05-18:27:43.012839 1125f0e00 [db/db_impl/db_impl.cc:2563] Created column family [RB] (ID 1)
2021/07/05-18:27:43.014237 1125f0e00 [db/column_family.cc:580] --------------- Options for column family [FZ]:
2021/07/05-18:27:43.014242 1125f0e00               Options.comparator: leveldb.BytewiseComparator
2021/07/05-18:27:43.014244 1125f0e00           Options.merge_operator: None
2021/07/05-18:27:43.014245 1125f0e00        Options.compaction_filter: filter_outdated
2021/07/05-18:27:43.014246 1125f0e00        Options.compaction_filter_factory: None
2021/07/05-18:27:43.014247 1125f0e00  Options.sst_partitioner_factory: None
2021/07/05-18:27:43.014248 1125f0e00         Options.memtable_factory: SkipListFactory
2021/07/05-18:27:43.014249 1125f0e00            Options.table_factory: BlockBasedTable
2021/07/05-18:27:43.014265 1125f0e00            table_factory options:   flush_block_policy_factory: FlushBlockBySizePolicyFactory (0x7ff59e425940)
  cache_index_and_filter_blocks: 0
  cache_index_and_filter_blocks_with_high_priority: 1
  pin_l0_filter_and_index_blocks_in_cache: 0
  pin_top_level_index_and_filter: 1
  index_type: 0
  data_block_index_type: 0
  index_shortening: 1
  data_block_hash_table_util_ratio: 0.750000
  hash_index_allow_collision: 1
  checksum: 1
  no_block_cache: 0
  block_cache: 0x7ff59e425988
  block_cache_name: LRUCache
  block_cache_options:
    capacity : 8388608
    num_shard_bits : 4
    strict_capacity_limit : 0
    memory_allocator : None
    high_pri_pool_ratio: 0.000
  block_cache_compressed: 0x0
  persistent_cache: 0x0
  block_size: 4096
  block_size_deviation: 10
  block_restart_interval: 16
  index_block_restart_interval: 1
  metadata_block_size: 4096
  partition_filters: 0
  use_delta_encoding: 1
  filter_policy: nullptr
  whole_key_filtering: 1
  verify_compression: 0
  read_amp_bytes_per_bit: 0
  format_version: 4
  enable_index_compression: 1
  block_align: 0
2021/07/05-18:27:43.014267 1125f0e00        Options.write_buffer_size: 67108864
2021/07/05-18:27:43.014269 1125f0e00  Options.max_write_buffer_number: 2
2021/07/05-18:27:43.014270 1125f0e00          Options.compression: NoCompression
2021/07/05-18:27:43.014271 1125f0e00                  Options.bottommost_compression: Disabled
2021/07/05-18:27:43.014271 1125f0e00       Options.prefix_extractor: nullptr
2021/07/05-18:27:43.014272 1125f0e00   Options.memtable_insert_with_hint_prefix_extractor: nullptr
2021/07/05-18:27:43.014273 1125f0e00             Options.num_levels: 7
2021/07/05-18:27:43.014274 1125f0e00        Options.min_write_buffer_number_to_merge: 1
2021/07/05-18:27:43.014275 1125f0e00     Options.max_write_buffer_number_to_maintain: 0
2021/07/05-18:27:43.014276 1125f0e00     Options.max_write_buffer_size_to_maintain: 0
2021/07/05-18:27:43.014277 1125f0e00            Options.bottommost_compression_opts.window_bits: -14
2021/07/05-18:27:43.014278 1125f0e00                  Options.bottommost_compression_opts.level: 32767
2021/07/05-18:27:43.014279 1125f0e00               Options.bottommost_compression_opts.strategy: 0
2021/07/05-18:27:43.014280 1125f0e00         Options.bottommost_compression_opts.max_dict_bytes: 0
2021/07/05-18:27:43.014280 1125f0e00         Options.bottommost_compression_opts.zstd_max_train_bytes: 0
2021/07/05-18:27:43.014281 1125f0e00         Options.bottommost_compression_opts.parallel_threads: 1
2021/07/05-18:27:43.014282 1125f0e00                  Options.bottommost_compression_opts.enabled: false
2021/07/05-18:27:43.014283 1125f0e00            Options.compression_opts.window_bits: -14
2021/07/05-18:27:43.014284 1125f0e00                  Options.compression_opts.level: 32767
2021/07/05-18:27:43.014285 1125f0e00               Options.compression_opts.strategy: 0
2021/07/05-18:27:43.014286 1125f0e00         Options.compression_opts.max_dict_bytes: 0
2021/07/05-18:27:43.014287 1125f0e00         Options.compression_opts.zstd_max_train_bytes: 0
2021/07/05-18:27:43.014287 1125f0e00         Options.compression_opts.parallel_threads: 1
2021/07/05-18:27:43.014288 1125f0e00                  Options.compression_opts.enabled: false
2021/07/05-18:27:43.014289 1125f0e00      Options.level0_file_num_compaction_trigger: 4
2021/07/05-18:27:43.014311 1125f0e00          Options.level0_slowdown_writes_trigger: 20
2021/07/05-18:27:43.014312 1125f0e00              Options.level0_stop_writes_trigger: 36
2021/07/05-18:27:43.014313 1125f0e00                   Options.target_file_size_base: 67108864
2021/07/05-18:27:43.014314 1125f0e00             Options.target_file_size_multiplier: 1
2021/07/05-18:27:43.014315 1125f0e00                Options.max_bytes_for_level_base: 268435456
2021/07/05-18:27:43.014316 1125f0e00 Options.level_compaction_dynamic_level_bytes: 0
2021/07/05-18:27:43.014317 1125f0e00          Options.max_bytes_for_level_multiplier: 10.000000
2021/07/05-18:27:43.014318 1125f0e00 Options.max_bytes_for_level_multiplier_addtl[0]: 1
2021/07/05-18:27:43.014319 1125f0e00 Options.max_bytes_for_level_multiplier_addtl[1]: 1
2021/07/05-18:27:43.014320 1125f0e00 Options.max_bytes_for_level_multiplier_addtl[2]: 1
2021/07/05-18:27:43.014321 1125f0e00 Options.max_bytes_for_level_multiplier_addtl[3]: 1
2021/07/05-18:27:43.014321 1125f0e00 Options.max_bytes_for_level_multiplier_addtl[4]: 1
2021/07/05-18:27:43.014322 1125f0e00 Options.max_bytes_for_level_multiplier_addtl[5]: 1
2021/07/05-18:27:43.014323 1125f0e00 Options.max_bytes_for_level_multiplier_addtl[6]: 1
2021/07/05-18:27:43.014324 1125f0e00       Options.max_sequential_skip_in_iterations: 8
2021/07/05-18:27:43.014325 1125f0e00                    Options.max_compaction_bytes: 1677721600
2021/07/05-18:27:43.014326 1125f0e00                        Options.arena_block_size: 8388608
2021/07/05-18:27:43.014327 1125f0e00   Options.soft_pending_compaction_bytes_limit: 68719476736
2021/07/05-18:27:43.014328 1125f0e00   Options.hard_pending_compaction_bytes_limit: 274877906944
2021/07/05-18:27:43.014329 1125f0e00       Options.rate_limit_delay_max_milliseconds: 100
2021/07/05-18:27:43.014329 1125f0e00                Options.disable_auto_compactions: 1
2021/07/05-18:27:43.014330 1125f0e00                        Options.compaction_style: kCompactionStyleLevel
2021/07/05-18:27:43.014331 1125f0e00                          Options.compaction_pri: kMinOverlappingRatio
2021/07/05-18:27:43.014332 1125f0e00 Options.compaction_options_universal.size_ratio: 1
2021/07/05-18:27:43.014333 1125f0e00 Options.compaction_options_universal.min_merge_width: 2
2021/07/05-18:27:43.014334 1125f0e00 Options.compaction_options_universal.max_merge_width: 4294967295
2021/07/05-18:27:43.014335 1125f0e00 Options.compaction_options_universal.max_size_amplification_percent: 200
2021/07/05-18:27:43.014336 1125f0e00 Options.compaction_options_universal.compression_size_percent: -1
2021/07/05-18:27:43.014337 1125f0e00 Options.compaction_options_universal.stop_style: kCompactionStopStyleTotalSize
2021/07/05-18:27:43.014338 1125f0e00 Options.compaction_options_fifo.max_table_files_size: 1073741824
2021/07/05-18:27:43.014339 1125f0e00 Options.compaction_options_fifo.allow_compaction: 0
2021/07/05-18:27:43.014340 1125f0e00                   Options.table_properties_collectors: 
2021/07/05-18:27:43.014341 1125f0e00                   Options.inplace_update_support: 0
2021/07/05-18:27:43.014342 1125f0e00                 Options.inplace_update_num_locks: 10000
2021/07/05-18:27:43.014343 1125f0e00               Options.memtable_prefix_bloom_size_ratio: 0.000000
2021/07/05-18:27:43.014344 1125f0e00               Options.memtable_whole_key_filtering: 0
2021/07/05-18:27:43.014344 1125f0e00   Options.memtable_huge_page_size: 0
2021/07/05-18:27:43.014345 1125f0e00                           Options.bloom_locality: 0
2021/07/05-18:27:43.014346 1125f0e00                    Options.max_successive_merges: 0
2021/07/05-18:27:43.014347 1125f0e00                Options.optimize_filters_for_hits: 0
2021/07/05-18:27:43.014348 1125f0e00                Options.paranoid_file_checks: 0
2021/07/05-18:27:43.014349 1125f0e00                Options.force_consistency_checks: 0
2021/07/05-18:27:43.014350 1125f0e00                Options.report_bg_io_stats: 0
2021/07/05-18:27:43.014350 1125f0e00                               Options.ttl: 2592000
2021/07/05-18:27:43.014351 1125f0e00          Options.periodic_compaction_seconds: 2592000
2021/07/05-18:27:43.014416 1125f0e00 [db/db_impl/db_impl.cc:2563] Created column family [FZ] (ID 2)
2021/07/05-18:27:43.015927 1125f0e00 [db/column_family.cc:580] --------------- Options for column family [NZ]:
2021/07/05-18:27:43.015932 1125f0e00               Options.comparator: leveldb.BytewiseComparator
2021/07/05-18:27:43.015933 1125f0e00           Options.merge_operator: None
2021/07/05-18:27:43.015934 1125f0e00        Options.compaction_filter: filter_outdated
2021/07/05-18:27:43.015935 1125f0e00        Options.compaction_filter_factory: None
2021/07/05-18:27:43.015936 1125f0e00  Options.sst_partitioner_factory: None
2021/07/05-18:27:43.015937 1125f0e00         Options.memtable_factory: SkipListFactory
2021/07/05-18:27:43.015938 1125f0e00            Options.table_factory: BlockBasedTable
2021/07/05-18:27:43.015977 1125f0e00            table_factory options:   flush_block_policy_factory: FlushBlockBySizePolicyFactory (0x7ff59e426500)
  cache_index_and_filter_blocks: 0
  cache_index_and_filter_blocks_with_high_priority: 1
  pin_l0_filter_and_index_blocks_in_cache: 0
  pin_top_level_index_and_filter: 1
  index_type: 0
  data_block_index_type: 0
  index_shortening: 1
  data_block_hash_table_util_ratio: 0.750000
  hash_index_allow_collision: 1
  checksum: 1
  no_block_cache: 0
  block_cache: 0x7ff59e426548
  block_cache_name: LRUCache
  block_cache_options:
    capacity : 8388608
    num_shard_bits : 4
    strict_capacity_limit : 0
    memory_allocator : None
    high_pri_pool_ratio: 0.000
  block_cache_compressed: 0x0
  persistent_cache: 0x0
  block_size: 4096
  block_size_deviation: 10
  block_restart_interval: 16
  index_block_restart_interval: 1
  metadata_block_size: 4096
  partition_filters: 0
  use_delta_encoding: 1
  filter_policy: nullptr
  whole_key_filtering: 1
  verify_compression: 0
  read_amp_bytes_per_bit: 0
  format_version: 4
  enable_index_compression: 1
  block_align: 0
2021/07/05-18:27:43.015983 1125f0e00        Options.write_buffer_size: 67108864
2021/07/05-18:27:43.016021 1125f0e00  Options.max_write_buffer_number: 2
2021/07/05-18:27:43.016024 1125f0e00          Options.compression: NoCompression
2021/07/05-18:27:43.016025 1125f0e00                  Options.bottommost_compression: Disabled
2021/07/05-18:27:43.016026 1125f0e00       Options.prefix_extractor: nullptr
2021/07/05-18:27:43.016027 1125f0e00   Options.memtable_insert_with_hint_prefix_extractor: nullptr
2021/07/05-18:27:43.016028 1125f0e00             Options.num_levels: 7
2021/07/05-18:27:43.016029 1125f0e00        Options.min_write_buffer_number_to_merge: 1
2021/07/05-18:27:43.016030 1125f0e00     Options.max_write_buffer_number_to_maintain: 0
2021/07/05-18:27:43.016031 1125f0e00     Options.max_write_buffer_size_to_maintain: 0
2021/07/05-18:27:43.016032 1125f0e00            Options.bottommost_compression_opts.window_bits: -14
2021/07/05-18:27:43.016033 1125f0e00                  Options.bottommost_compression_opts.level: 32767
2021/07/05-18:27:43.016034 1125f0e00               Options.bottommost_compression_opts.strategy: 0
2021/07/05-18:27:43.016035 1125f0e00         Options.bottommost_compression_opts.max_dict_bytes: 0
2021/07/05-18:27:43.016036 1125f0e00         Options.bottommost_compression_opts.zstd_max_train_bytes: 0
2021/07/05-18:27:43.016037 1125f0e00         Options.bottommost_compression_opts.parallel_threads: 1
2021/07/05-18:27:43.016037 1125f0e00                  Options.bottommost_compression_opts.enabled: false
2021/07/05-18:27:43.016038 1125f0e00            Options.compression_opts.window_bits: -14
2021/07/05-18:27:43.016039 1125f0e00                  Options.compression_opts.level: 32767
2021/07/05-18:27:43.016040 1125f0e00               Options.compression_opts.strategy: 0
2021/07/05-18:27:43.016041 1125f0e00         Options.compression_opts.max_dict_bytes: 0
2021/07/05-18:27:43.016042 1125f0e00         Options.compression_opts.zstd_max_train_bytes: 0
2021/07/05-18:27:43.016043 1125f0e00         Options.compression_opts.parallel_threads: 1
2021/07/05-18:27:43.016044 1125f0e00                  Options.compression_opts.enabled: false
2021/07/05-18:27:43.016044 1125f0e00      Options.level0_file_num_compaction_trigger: 4
2021/07/05-18:27:43.016075 1125f0e00          Options.level0_slowdown_writes_trigger: 20
2021/07/05-18:27:43.016098 1125f0e00              Options.level0_stop_writes_trigger: 36
2021/07/05-18:27:43.016100 1125f0e00                   Options.target_file_size_base: 67108864
2021/07/05-18:27:43.016102 1125f0e00             Options.target_file_size_multiplier: 1
2021/07/05-18:27:43.016102 1125f0e00                Options.max_bytes_for_level_base: 268435456
2021/07/05-18:27:43.016103 1125f0e00 Options.level_compaction_dynamic_level_bytes: 0
2021/07/05-18:27:43.016104 1125f0e00          Options.max_bytes_for_level_multiplier: 10.000000
2021/07/05-18:27:43.016106 1125f0e00 Options.max_bytes_for_level_multiplier_addtl[0]: 1
2021/07/05-18:27:43.016107 1125f0e00 Options.max_bytes_for_level_multiplier_addtl[1]: 1
2021/07/05-18:27:43.016108 1125f0e00 Options.max_bytes_for_level_multiplier_addtl[2]: 1
2021/07/05-18:27:43.016109 1125f0e00 Options.max_bytes_for_level_multiplier_addtl[3]: 1
2021/07/05-18:27:43.016110 1125f0e00 Options.max_bytes_for_level_multiplier_addtl[4]: 1
2021/07/05-18:27:43.016111 1125f0e00 Options.max_bytes_for_level_multiplier_addtl[5]: 1
2021/07/05-18:27:43.016111 1125f0e00 Options.max_bytes_for_level_multiplier_addtl[6]: 1
2021/07/05-18:27:43.016112 1125f0e00       Options.max_sequential_skip_in_iterations: 8
2021/07/05-18:27:43.016113 1125f0e00                    Options.max_compaction_bytes: 1677721600
2021/07/05-18:27:43.016114 1125f0e00                        Options.arena_block_size: 8388608
