2021/07/05-18:27:43.050326 1125f0e00 RocksDB version: 6.12.7
2021/07/05-18:27:43.050376 1125f0e00 Git sha rocksdb_build_git_sha:@0@
2021/07/05-18:27:43.050380 1125f0e00 Compile date Feb 16 2021
2021/07/05-18:27:43.050399 1125f0e00 DB SUMMARY
2021/07/05-18:27:43.050402 1125f0e00 DB Session ID:  D3LON7C86HXW1NCXROEW
2021/07/05-18:27:43.050463 1125f0e00 SST files in /Users/crinstaniev/Development/dfinity/dfinity-vite/.dfx/state/replicated_state/node-100/ic_consensus_pool/certification dir, Total Num: 0, files: 
2021/07/05-18:27:43.050467 1125f0e00 Write Ahead Log file in /Users/crinstaniev/Development/dfinity/dfinity-vite/.dfx/state/replicated_state/node-100/ic_consensus_pool/certification: 
2021/07/05-18:27:43.050470 1125f0e00                         Options.error_if_exists: 0
2021/07/05-18:27:43.050471 1125f0e00                       Options.create_if_missing: 1
2021/07/05-18:27:43.050473 1125f0e00                         Options.paranoid_checks: 1
2021/07/05-18:27:43.050475 1125f0e00                                     Options.env: 0x103bfad88
2021/07/05-18:27:43.050476 1125f0e00                                      Options.fs: Posix File System
2021/07/05-18:27:43.050478 1125f0e00                                Options.info_log: 0x7ff59e604120
2021/07/05-18:27:43.050480 1125f0e00                Options.max_file_opening_threads: 16
2021/07/05-18:27:43.050481 1125f0e00                              Options.statistics: 0x0
2021/07/05-18:27:43.050483 1125f0e00                               Options.use_fsync: 1
2021/07/05-18:27:43.050484 1125f0e00                       Options.max_log_file_size: 0
2021/07/05-18:27:43.050486 1125f0e00                  Options.max_manifest_file_size: 1073741824
2021/07/05-18:27:43.050487 1125f0e00                   Options.log_file_time_to_roll: 0
2021/07/05-18:27:43.050488 1125f0e00                       Options.keep_log_file_num: 1000
2021/07/05-18:27:43.050490 1125f0e00                    Options.recycle_log_file_num: 0
2021/07/05-18:27:43.050491 1125f0e00                         Options.allow_fallocate: 1
2021/07/05-18:27:43.050492 1125f0e00                        Options.allow_mmap_reads: 0
2021/07/05-18:27:43.050494 1125f0e00                       Options.allow_mmap_writes: 0
2021/07/05-18:27:43.050495 1125f0e00                        Options.use_direct_reads: 0
2021/07/05-18:27:43.050496 1125f0e00                        Options.use_direct_io_for_flush_and_compaction: 0
2021/07/05-18:27:43.050498 1125f0e00          Options.create_missing_column_families: 1
2021/07/05-18:27:43.050499 1125f0e00                              Options.db_log_dir: 
2021/07/05-18:27:43.050501 1125f0e00                                 Options.wal_dir: /Users/crinstaniev/Development/dfinity/dfinity-vite/.dfx/state/replicated_state/node-100/ic_consensus_pool/certification
2021/07/05-18:27:43.050502 1125f0e00                Options.table_cache_numshardbits: 6
2021/07/05-18:27:43.050503 1125f0e00                         Options.WAL_ttl_seconds: 0
2021/07/05-18:27:43.050505 1125f0e00                       Options.WAL_size_limit_MB: 0
2021/07/05-18:27:43.050506 1125f0e00                        Options.max_write_batch_group_size_bytes: 1048576
2021/07/05-18:27:43.050508 1125f0e00             Options.manifest_preallocation_size: 4194304
2021/07/05-18:27:43.050509 1125f0e00                     Options.is_fd_close_on_exec: 1
2021/07/05-18:27:43.050510 1125f0e00                   Options.advise_random_on_open: 1
2021/07/05-18:27:43.050512 1125f0e00                    Options.db_write_buffer_size: 0
2021/07/05-18:27:43.050514 1125f0e00                    Options.write_buffer_manager: 0x7ff59e604190
2021/07/05-18:27:43.050515 1125f0e00         Options.access_hint_on_compaction_start: 1
2021/07/05-18:27:43.050517 1125f0e00  Options.new_table_reader_for_compaction_inputs: 0
2021/07/05-18:27:43.050518 1125f0e00           Options.random_access_max_buffer_size: 1048576
2021/07/05-18:27:43.050520 1125f0e00                      Options.use_adaptive_mutex: 0
2021/07/05-18:27:43.050521 1125f0e00                            Options.rate_limiter: 0x0
2021/07/05-18:27:43.050523 1125f0e00     Options.sst_file_manager.rate_bytes_per_sec: 0
2021/07/05-18:27:43.050560 1125f0e00                       Options.wal_recovery_mode: 2
2021/07/05-18:27:43.050563 1125f0e00                  Options.enable_thread_tracking: 0
2021/07/05-18:27:43.050564 1125f0e00                  Options.enable_pipelined_write: 0
2021/07/05-18:27:43.050566 1125f0e00                  Options.unordered_write: 0
2021/07/05-18:27:43.050567 1125f0e00         Options.allow_concurrent_memtable_write: 1
2021/07/05-18:27:43.050569 1125f0e00      Options.enable_write_thread_adaptive_yield: 1
2021/07/05-18:27:43.050570 1125f0e00             Options.write_thread_max_yield_usec: 100
2021/07/05-18:27:43.050571 1125f0e00            Options.write_thread_slow_yield_usec: 3
2021/07/05-18:27:43.050573 1125f0e00                               Options.row_cache: None
2021/07/05-18:27:43.050574 1125f0e00                              Options.wal_filter: None
2021/07/05-18:27:43.050576 1125f0e00             Options.avoid_flush_during_recovery: 0
2021/07/05-18:27:43.050577 1125f0e00             Options.allow_ingest_behind: 0
2021/07/05-18:27:43.050578 1125f0e00             Options.preserve_deletes: 0
2021/07/05-18:27:43.050580 1125f0e00             Options.two_write_queues: 0
2021/07/05-18:27:43.050581 1125f0e00             Options.manual_wal_flush: 0
2021/07/05-18:27:43.050583 1125f0e00             Options.atomic_flush: 0
2021/07/05-18:27:43.050584 1125f0e00             Options.avoid_unnecessary_blocking_io: 0
2021/07/05-18:27:43.050585 1125f0e00                 Options.persist_stats_to_disk: 0
2021/07/05-18:27:43.050587 1125f0e00                 Options.write_dbid_to_manifest: 0
2021/07/05-18:27:43.050588 1125f0e00                 Options.log_readahead_size: 0
2021/07/05-18:27:43.050590 1125f0e00                 Options.file_checksum_gen_factory: Unknown
2021/07/05-18:27:43.050591 1125f0e00                 Options.best_efforts_recovery: 0
2021/07/05-18:27:43.050593 1125f0e00                Options.max_bgerror_resume_count: 2147483647
2021/07/05-18:27:43.050594 1125f0e00            Options.bgerror_resume_retry_interval: 1000000
2021/07/05-18:27:43.050596 1125f0e00             Options.max_background_jobs: 2
2021/07/05-18:27:43.050597 1125f0e00             Options.max_background_compactions: -1
2021/07/05-18:27:43.050598 1125f0e00             Options.max_subcompactions: 1
2021/07/05-18:27:43.050600 1125f0e00             Options.avoid_flush_during_shutdown: 0
2021/07/05-18:27:43.050601 1125f0e00           Options.writable_file_max_buffer_size: 1048576
2021/07/05-18:27:43.050602 1125f0e00             Options.delayed_write_rate : 16777216
2021/07/05-18:27:43.050604 1125f0e00             Options.max_total_wal_size: 0
2021/07/05-18:27:43.050605 1125f0e00             Options.delete_obsolete_files_period_micros: 21600000000
2021/07/05-18:27:43.050607 1125f0e00                   Options.stats_dump_period_sec: 600
2021/07/05-18:27:43.050608 1125f0e00                 Options.stats_persist_period_sec: 600
2021/07/05-18:27:43.050609 1125f0e00                 Options.stats_history_buffer_size: 1048576
2021/07/05-18:27:43.050611 1125f0e00                          Options.max_open_files: -1
2021/07/05-18:27:43.050612 1125f0e00                          Options.bytes_per_sync: 0
2021/07/05-18:27:43.050614 1125f0e00                      Options.wal_bytes_per_sync: 0
2021/07/05-18:27:43.050615 1125f0e00                   Options.strict_bytes_per_sync: 0
2021/07/05-18:27:43.050616 1125f0e00       Options.compaction_readahead_size: 0
2021/07/05-18:27:43.050618 1125f0e00                  Options.max_background_flushes: -1
2021/07/05-18:27:43.050619 1125f0e00 Compression algorithms supported:
2021/07/05-18:27:43.050621 1125f0e00 	kZSTD supported: 1
2021/07/05-18:27:43.050623 1125f0e00 	kZlibCompression supported: 1
2021/07/05-18:27:43.050624 1125f0e00 	kXpressCompression supported: 0
2021/07/05-18:27:43.050625 1125f0e00 	kSnappyCompression supported: 1
2021/07/05-18:27:43.050627 1125f0e00 	kZSTDNotFinalCompression supported: 1
2021/07/05-18:27:43.050628 1125f0e00 	kLZ4HCCompression supported: 1
2021/07/05-18:27:43.050629 1125f0e00 	kLZ4Compression supported: 1
2021/07/05-18:27:43.050659 1125f0e00 	kBZip2Compression supported: 1
2021/07/05-18:27:43.050662 1125f0e00 Fast CRC32 supported: Supported on x86
2021/07/05-18:27:43.051352 1125f0e00 [db/db_impl/db_impl_open.cc:271] Creating manifest 1 
2021/07/05-18:27:43.052042 1125f0e00 [db/version_set.cc:4560] Recovering from manifest file: /Users/crinstaniev/Development/dfinity/dfinity-vite/.dfx/state/replicated_state/node-100/ic_consensus_pool/certification/MANIFEST-000001
2021/07/05-18:27:43.052086 1125f0e00 [db/column_family.cc:580] --------------- Options for column family [default]:
2021/07/05-18:27:43.052089 1125f0e00               Options.comparator: leveldb.BytewiseComparator
2021/07/05-18:27:43.052090 1125f0e00           Options.merge_operator: None
2021/07/05-18:27:43.052092 1125f0e00        Options.compaction_filter: None
2021/07/05-18:27:43.052092 1125f0e00        Options.compaction_filter_factory: None
2021/07/05-18:27:43.052093 1125f0e00  Options.sst_partitioner_factory: None
2021/07/05-18:27:43.052094 1125f0e00         Options.memtable_factory: SkipListFactory
2021/07/05-18:27:43.052095 1125f0e00            Options.table_factory: BlockBasedTable
2021/07/05-18:27:43.052112 1125f0e00            table_factory options:   flush_block_policy_factory: FlushBlockBySizePolicyFactory (0x7ff59e420c80)
  cache_index_and_filter_blocks: 0
  cache_index_and_filter_blocks_with_high_priority: 1
  pin_l0_filter_and_index_blocks_in_cache: 0
  pin_top_level_index_and_filter: 1
  index_type: 0
  data_block_index_type: 0
  index_shortening: 1
  data_block_hash_table_util_ratio: 0.750000
  hash_index_allow_collision: 1
  checksum: 1
  no_block_cache: 0
  block_cache: 0x7ff59e43ef28
  block_cache_name: LRUCache
  block_cache_options:
    capacity : 8388608
    num_shard_bits : 4
    strict_capacity_limit : 0
    memory_allocator : None
    high_pri_pool_ratio: 0.000
  block_cache_compressed: 0x0
  persistent_cache: 0x0
  block_size: 4096
  block_size_deviation: 10
  block_restart_interval: 16
  index_block_restart_interval: 1
  metadata_block_size: 4096
  partition_filters: 0
  use_delta_encoding: 1
  filter_policy: nullptr
  whole_key_filtering: 1
  verify_compression: 0
  read_amp_bytes_per_bit: 0
  format_version: 4
  enable_index_compression: 1
  block_align: 0
2021/07/05-18:27:43.052115 1125f0e00        Options.write_buffer_size: 67108864
2021/07/05-18:27:43.052116 1125f0e00  Options.max_write_buffer_number: 2
2021/07/05-18:27:43.052118 1125f0e00          Options.compression: Snappy
2021/07/05-18:27:43.052119 1125f0e00                  Options.bottommost_compression: Disabled
2021/07/05-18:27:43.052120 1125f0e00       Options.prefix_extractor: nullptr
2021/07/05-18:27:43.052120 1125f0e00   Options.memtable_insert_with_hint_prefix_extractor: nullptr
2021/07/05-18:27:43.052121 1125f0e00             Options.num_levels: 7
2021/07/05-18:27:43.052122 1125f0e00        Options.min_write_buffer_number_to_merge: 1
2021/07/05-18:27:43.052123 1125f0e00     Options.max_write_buffer_number_to_maintain: 0
2021/07/05-18:27:43.052124 1125f0e00     Options.max_write_buffer_size_to_maintain: 0
2021/07/05-18:27:43.052125 1125f0e00            Options.bottommost_compression_opts.window_bits: -14
2021/07/05-18:27:43.052126 1125f0e00                  Options.bottommost_compression_opts.level: 32767
2021/07/05-18:27:43.052127 1125f0e00               Options.bottommost_compression_opts.strategy: 0
2021/07/05-18:27:43.052128 1125f0e00         Options.bottommost_compression_opts.max_dict_bytes: 0
2021/07/05-18:27:43.052129 1125f0e00         Options.bottommost_compression_opts.zstd_max_train_bytes: 0
2021/07/05-18:27:43.052130 1125f0e00         Options.bottommost_compression_opts.parallel_threads: 1
2021/07/05-18:27:43.052131 1125f0e00                  Options.bottommost_compression_opts.enabled: false
2021/07/05-18:27:43.052132 1125f0e00            Options.compression_opts.window_bits: -14
2021/07/05-18:27:43.052133 1125f0e00                  Options.compression_opts.level: 32767
2021/07/05-18:27:43.052134 1125f0e00               Options.compression_opts.strategy: 0
2021/07/05-18:27:43.052159 1125f0e00         Options.compression_opts.max_dict_bytes: 0
2021/07/05-18:27:43.052160 1125f0e00         Options.compression_opts.zstd_max_train_bytes: 0
2021/07/05-18:27:43.052161 1125f0e00         Options.compression_opts.parallel_threads: 1
2021/07/05-18:27:43.052162 1125f0e00                  Options.compression_opts.enabled: false
2021/07/05-18:27:43.052163 1125f0e00      Options.level0_file_num_compaction_trigger: 4
2021/07/05-18:27:43.052164 1125f0e00          Options.level0_slowdown_writes_trigger: 20
2021/07/05-18:27:43.052165 1125f0e00              Options.level0_stop_writes_trigger: 36
2021/07/05-18:27:43.052165 1125f0e00                   Options.target_file_size_base: 67108864
2021/07/05-18:27:43.052166 1125f0e00             Options.target_file_size_multiplier: 1
2021/07/05-18:27:43.052167 1125f0e00                Options.max_bytes_for_level_base: 268435456
2021/07/05-18:27:43.052168 1125f0e00 Options.level_compaction_dynamic_level_bytes: 0
2021/07/05-18:27:43.052169 1125f0e00          Options.max_bytes_for_level_multiplier: 10.000000
2021/07/05-18:27:43.052170 1125f0e00 Options.max_bytes_for_level_multiplier_addtl[0]: 1
2021/07/05-18:27:43.052171 1125f0e00 Options.max_bytes_for_level_multiplier_addtl[1]: 1
2021/07/05-18:27:43.052172 1125f0e00 Options.max_bytes_for_level_multiplier_addtl[2]: 1
2021/07/05-18:27:43.052173 1125f0e00 Options.max_bytes_for_level_multiplier_addtl[3]: 1
2021/07/05-18:27:43.052174 1125f0e00 Options.max_bytes_for_level_multiplier_addtl[4]: 1
2021/07/05-18:27:43.052175 1125f0e00 Options.max_bytes_for_level_multiplier_addtl[5]: 1
2021/07/05-18:27:43.052176 1125f0e00 Options.max_bytes_for_level_multiplier_addtl[6]: 1
2021/07/05-18:27:43.052177 1125f0e00       Options.max_sequential_skip_in_iterations: 8
2021/07/05-18:27:43.052178 1125f0e00                    Options.max_compaction_bytes: 1677721600
2021/07/05-18:27:43.052179 1125f0e00                        Options.arena_block_size: 8388608
2021/07/05-18:27:43.052180 1125f0e00   Options.soft_pending_compaction_bytes_limit: 68719476736
2021/07/05-18:27:43.052180 1125f0e00   Options.hard_pending_compaction_bytes_limit: 274877906944
2021/07/05-18:27:43.052181 1125f0e00       Options.rate_limit_delay_max_milliseconds: 100
2021/07/05-18:27:43.052182 1125f0e00                Options.disable_auto_compactions: 0
2021/07/05-18:27:43.052183 1125f0e00                        Options.compaction_style: kCompactionStyleLevel
2021/07/05-18:27:43.052184 1125f0e00                          Options.compaction_pri: kMinOverlappingRatio
2021/07/05-18:27:43.052185 1125f0e00 Options.compaction_options_universal.size_ratio: 1
2021/07/05-18:27:43.052186 1125f0e00 Options.compaction_options_universal.min_merge_width: 2
2021/07/05-18:27:43.052187 1125f0e00 Options.compaction_options_universal.max_merge_width: 4294967295
2021/07/05-18:27:43.052188 1125f0e00 Options.compaction_options_universal.max_size_amplification_percent: 200
2021/07/05-18:27:43.052189 1125f0e00 Options.compaction_options_universal.compression_size_percent: -1
2021/07/05-18:27:43.052190 1125f0e00 Options.compaction_options_universal.stop_style: kCompactionStopStyleTotalSize
2021/07/05-18:27:43.052191 1125f0e00 Options.compaction_options_fifo.max_table_files_size: 1073741824
2021/07/05-18:27:43.052192 1125f0e00 Options.compaction_options_fifo.allow_compaction: 0
2021/07/05-18:27:43.052194 1125f0e00                   Options.table_properties_collectors: 
2021/07/05-18:27:43.052195 1125f0e00                   Options.inplace_update_support: 0
2021/07/05-18:27:43.052196 1125f0e00                 Options.inplace_update_num_locks: 10000
2021/07/05-18:27:43.052197 1125f0e00               Options.memtable_prefix_bloom_size_ratio: 0.000000
2021/07/05-18:27:43.052198 1125f0e00               Options.memtable_whole_key_filtering: 0
2021/07/05-18:27:43.052199 1125f0e00   Options.memtable_huge_page_size: 0
2021/07/05-18:27:43.052199 1125f0e00                           Options.bloom_locality: 0
2021/07/05-18:27:43.052200 1125f0e00                    Options.max_successive_merges: 0
2021/07/05-18:27:43.052217 1125f0e00                Options.optimize_filters_for_hits: 0
2021/07/05-18:27:43.052218 1125f0e00                Options.paranoid_file_checks: 0
2021/07/05-18:27:43.052219 1125f0e00                Options.force_consistency_checks: 0
2021/07/05-18:27:43.052220 1125f0e00                Options.report_bg_io_stats: 0
2021/07/05-18:27:43.052221 1125f0e00                               Options.ttl: 2592000
2021/07/05-18:27:43.052222 1125f0e00          Options.periodic_compaction_seconds: 0
2021/07/05-18:27:43.052629 1125f0e00 [db/version_set.cc:4718] Recovered from manifest file:/Users/crinstaniev/Development/dfinity/dfinity-vite/.dfx/state/replicated_state/node-100/ic_consensus_pool/certification/MANIFEST-000001 succeeded,manifest_file_number is 1, next_file_number is 3, last_sequence is 0, log_number is 0,prev_log_number is 0,max_column_family is 0,min_log_number_to_keep is 0
2021/07/05-18:27:43.052634 1125f0e00 [db/version_set.cc:4727] Column family [default] (ID 0), log number is 0
2021/07/05-18:27:43.052873 1125f0e00 [db/version_set.cc:3950] Creating manifest 4
2021/07/05-18:27:43.053637 1125f0e00 [db/column_family.cc:580] --------------- Options for column family [CE]:
2021/07/05-18:27:43.053641 1125f0e00               Options.comparator: leveldb.BytewiseComparator
2021/07/05-18:27:43.053642 1125f0e00           Options.merge_operator: None
2021/07/05-18:27:43.053644 1125f0e00        Options.compaction_filter: filter_outdated
2021/07/05-18:27:43.053645 1125f0e00        Options.compaction_filter_factory: None
2021/07/05-18:27:43.053646 1125f0e00  Options.sst_partitioner_factory: None
2021/07/05-18:27:43.053647 1125f0e00         Options.memtable_factory: SkipListFactory
2021/07/05-18:27:43.053648 1125f0e00            Options.table_factory: BlockBasedTable
2021/07/05-18:27:43.053664 1125f0e00            table_factory options:   flush_block_policy_factory: FlushBlockBySizePolicyFactory (0x7ff59e43bec0)
  cache_index_and_filter_blocks: 0
  cache_index_and_filter_blocks_with_high_priority: 1
  pin_l0_filter_and_index_blocks_in_cache: 0
  pin_top_level_index_and_filter: 1
  index_type: 0
  data_block_index_type: 0
  index_shortening: 1
  data_block_hash_table_util_ratio: 0.750000
  hash_index_allow_collision: 1
  checksum: 1
  no_block_cache: 0
  block_cache: 0x7ff59e43d718
  block_cache_name: LRUCache
  block_cache_options:
    capacity : 8388608
    num_shard_bits : 4
    strict_capacity_limit : 0
    memory_allocator : None
    high_pri_pool_ratio: 0.000
  block_cache_compressed: 0x0
  persistent_cache: 0x0
  block_size: 4096
  block_size_deviation: 10
  block_restart_interval: 16
  index_block_restart_interval: 1
  metadata_block_size: 4096
  partition_filters: 0
  use_delta_encoding: 1
  filter_policy: nullptr
  whole_key_filtering: 1
  verify_compression: 0
  read_amp_bytes_per_bit: 0
  format_version: 4
  enable_index_compression: 1
  block_align: 0
2021/07/05-18:27:43.053667 1125f0e00        Options.write_buffer_size: 67108864
2021/07/05-18:27:43.053668 1125f0e00  Options.max_write_buffer_number: 2
2021/07/05-18:27:43.053669 1125f0e00          Options.compression: NoCompression
2021/07/05-18:27:43.053670 1125f0e00                  Options.bottommost_compression: Disabled
2021/07/05-18:27:43.053671 1125f0e00       Options.prefix_extractor: nullptr
2021/07/05-18:27:43.053672 1125f0e00   Options.memtable_insert_with_hint_prefix_extractor: nullptr
2021/07/05-18:27:43.053673 1125f0e00             Options.num_levels: 7
2021/07/05-18:27:43.053674 1125f0e00        Options.min_write_buffer_number_to_merge: 1
2021/07/05-18:27:43.053675 1125f0e00     Options.max_write_buffer_number_to_maintain: 0
2021/07/05-18:27:43.053676 1125f0e00     Options.max_write_buffer_size_to_maintain: 0
2021/07/05-18:27:43.053677 1125f0e00            Options.bottommost_compression_opts.window_bits: -14
2021/07/05-18:27:43.053678 1125f0e00                  Options.bottommost_compression_opts.level: 32767
2021/07/05-18:27:43.053679 1125f0e00               Options.bottommost_compression_opts.strategy: 0
2021/07/05-18:27:43.053679 1125f0e00         Options.bottommost_compression_opts.max_dict_bytes: 0
2021/07/05-18:27:43.053680 1125f0e00         Options.bottommost_compression_opts.zstd_max_train_bytes: 0
2021/07/05-18:27:43.053681 1125f0e00         Options.bottommost_compression_opts.parallel_threads: 1
2021/07/05-18:27:43.053682 1125f0e00                  Options.bottommost_compression_opts.enabled: false
2021/07/05-18:27:43.053683 1125f0e00            Options.compression_opts.window_bits: -14
2021/07/05-18:27:43.053684 1125f0e00                  Options.compression_opts.level: 32767
2021/07/05-18:27:43.053685 1125f0e00               Options.compression_opts.strategy: 0
2021/07/05-18:27:43.053686 1125f0e00         Options.compression_opts.max_dict_bytes: 0
2021/07/05-18:27:43.053687 1125f0e00         Options.compression_opts.zstd_max_train_bytes: 0
2021/07/05-18:27:43.053688 1125f0e00         Options.compression_opts.parallel_threads: 1
2021/07/05-18:27:43.053688 1125f0e00                  Options.compression_opts.enabled: false
2021/07/05-18:27:43.053689 1125f0e00      Options.level0_file_num_compaction_trigger: 4
2021/07/05-18:27:43.053710 1125f0e00          Options.level0_slowdown_writes_trigger: 20
2021/07/05-18:27:43.053712 1125f0e00              Options.level0_stop_writes_trigger: 36
2021/07/05-18:27:43.053712 1125f0e00                   Options.target_file_size_base: 67108864
2021/07/05-18:27:43.053713 1125f0e00             Options.target_file_size_multiplier: 1
2021/07/05-18:27:43.053714 1125f0e00                Options.max_bytes_for_level_base: 268435456
2021/07/05-18:27:43.053715 1125f0e00 Options.level_compaction_dynamic_level_bytes: 0
2021/07/05-18:27:43.053716 1125f0e00          Options.max_bytes_for_level_multiplier: 10.000000
2021/07/05-18:27:43.053717 1125f0e00 Options.max_bytes_for_level_multiplier_addtl[0]: 1
2021/07/05-18:27:43.053718 1125f0e00 Options.max_bytes_for_level_multiplier_addtl[1]: 1
2021/07/05-18:27:43.053719 1125f0e00 Options.max_bytes_for_level_multiplier_addtl[2]: 1
2021/07/05-18:27:43.053720 1125f0e00 Options.max_bytes_for_level_multiplier_addtl[3]: 1
2021/07/05-18:27:43.053721 1125f0e00 Options.max_bytes_for_level_multiplier_addtl[4]: 1
2021/07/05-18:27:43.053722 1125f0e00 Options.max_bytes_for_level_multiplier_addtl[5]: 1
2021/07/05-18:27:43.053723 1125f0e00 Options.max_bytes_for_level_multiplier_addtl[6]: 1
2021/07/05-18:27:43.053724 1125f0e00       Options.max_sequential_skip_in_iterations: 8
2021/07/05-18:27:43.053725 1125f0e00                    Options.max_compaction_bytes: 1677721600
2021/07/05-18:27:43.053725 1125f0e00                        Options.arena_block_size: 8388608
2021/07/05-18:27:43.053726 1125f0e00   Options.soft_pending_compaction_bytes_limit: 68719476736
2021/07/05-18:27:43.053727 1125f0e00   Options.hard_pending_compaction_bytes_limit: 274877906944
2021/07/05-18:27:43.053728 1125f0e00       Options.rate_limit_delay_max_milliseconds: 100
2021/07/05-18:27:43.053729 1125f0e00                Options.disable_auto_compactions: 1
2021/07/05-18:27:43.053730 1125f0e00                        Options.compaction_style: kCompactionStyleLevel
2021/07/05-18:27:43.053731 1125f0e00                          Options.compaction_pri: kMinOverlappingRatio
2021/07/05-18:27:43.053732 1125f0e00 Options.compaction_options_universal.size_ratio: 1
2021/07/05-18:27:43.053733 1125f0e00 Options.compaction_options_universal.min_merge_width: 2
2021/07/05-18:27:43.053734 1125f0e00 Options.compaction_options_universal.max_merge_width: 4294967295
2021/07/05-18:27:43.053735 1125f0e00 Options.compaction_options_universal.max_size_amplification_percent: 200
2021/07/05-18:27:43.053736 1125f0e00 Options.compaction_options_universal.compression_size_percent: -1
2021/07/05-18:27:43.053737 1125f0e00 Options.compaction_options_universal.stop_style: kCompactionStopStyleTotalSize
2021/07/05-18:27:43.053738 1125f0e00 Options.compaction_options_fifo.max_table_files_size: 1073741824
2021/07/05-18:27:43.053739 1125f0e00 Options.compaction_options_fifo.allow_compaction: 0
2021/07/05-18:27:43.053740 1125f0e00                   Options.table_properties_collectors: 
2021/07/05-18:27:43.053741 1125f0e00                   Options.inplace_update_support: 0
2021/07/05-18:27:43.053742 1125f0e00                 Options.inplace_update_num_locks: 10000
2021/07/05-18:27:43.053743 1125f0e00               Options.memtable_prefix_bloom_size_ratio: 0.000000
2021/07/05-18:27:43.053744 1125f0e00               Options.memtable_whole_key_filtering: 0
2021/07/05-18:27:43.053745 1125f0e00   Options.memtable_huge_page_size: 0
2021/07/05-18:27:43.053746 1125f0e00                           Options.bloom_locality: 0
2021/07/05-18:27:43.053747 1125f0e00                    Options.max_successive_merges: 0
2021/07/05-18:27:43.053748 1125f0e00                Options.optimize_filters_for_hits: 0
2021/07/05-18:27:43.053749 1125f0e00                Options.paranoid_file_checks: 0
2021/07/05-18:27:43.053750 1125f0e00                Options.force_consistency_checks: 0
2021/07/05-18:27:43.053751 1125f0e00                Options.report_bg_io_stats: 0
2021/07/05-18:27:43.053751 1125f0e00                               Options.ttl: 2592000
2021/07/05-18:27:43.053752 1125f0e00          Options.periodic_compaction_seconds: 2592000
2021/07/05-18:27:43.053822 1125f0e00 [db/db_impl/db_impl.cc:2563] Created column family [CE] (ID 1)
2021/07/05-18:27:43.055104 1125f0e00 [db/column_family.cc:580] --------------- Options for column family [CES]:
2021/07/05-18:27:43.055109 1125f0e00               Options.comparator: leveldb.BytewiseComparator
2021/07/05-18:27:43.055110 1125f0e00           Options.merge_operator: None
2021/07/05-18:27:43.055111 1125f0e00        Options.compaction_filter: filter_outdated
2021/07/05-18:27:43.055112 1125f0e00        Options.compaction_filter_factory: None
2021/07/05-18:27:43.055113 1125f0e00  Options.sst_partitioner_factory: None
2021/07/05-18:27:43.055114 1125f0e00         Options.memtable_factory: SkipListFactory
2021/07/05-18:27:43.055115 1125f0e00            Options.table_factory: BlockBasedTable
2021/07/05-18:27:43.055127 1125f0e00            table_factory options:   flush_block_policy_factory: FlushBlockBySizePolicyFactory (0x7ff59e43e280)
  cache_index_and_filter_blocks: 0
  cache_index_and_filter_blocks_with_high_priority: 1
  pin_l0_filter_and_index_blocks_in_cache: 0
  pin_top_level_index_and_filter: 1
  index_type: 0
  data_block_index_type: 0
  index_shortening: 1
  data_block_hash_table_util_ratio: 0.750000
  hash_index_allow_collision: 1
  checksum: 1
  no_block_cache: 0
  block_cache: 0x7ff59e43e2c8
  block_cache_name: LRUCache
  block_cache_options:
    capacity : 8388608
    num_shard_bits : 4
    strict_capacity_limit : 0
    memory_allocator : None
    high_pri_pool_ratio: 0.000
  block_cache_compressed: 0x0
  persistent_cache: 0x0
  block_size: 4096
  block_size_deviation: 10
  block_restart_interval: 16
  index_block_restart_interval: 1
  metadata_block_size: 4096
  partition_filters: 0
  use_delta_encoding: 1
  filter_policy: nullptr
  whole_key_filtering: 1
  verify_compression: 0
  read_amp_bytes_per_bit: 0
  format_version: 4
  enable_index_compression: 1
  block_align: 0
2021/07/05-18:27:43.055130 1125f0e00        Options.write_buffer_size: 67108864
2021/07/05-18:27:43.055132 1125f0e00  Options.max_write_buffer_number: 2
2021/07/05-18:27:43.055133 1125f0e00          Options.compression: NoCompression
2021/07/05-18:27:43.055133 1125f0e00                  Options.bottommost_compression: Disabled
2021/07/05-18:27:43.055134 1125f0e00       Options.prefix_extractor: nullptr
2021/07/05-18:27:43.055135 1125f0e00   Options.memtable_insert_with_hint_prefix_extractor: nullptr
2021/07/05-18:27:43.055136 1125f0e00             Options.num_levels: 7
2021/07/05-18:27:43.055137 1125f0e00        Options.min_write_buffer_number_to_merge: 1
2021/07/05-18:27:43.055138 1125f0e00     Options.max_write_buffer_number_to_maintain: 0
2021/07/05-18:27:43.055139 1125f0e00     Options.max_write_buffer_size_to_maintain: 0
2021/07/05-18:27:43.055140 1125f0e00            Options.bottommost_compression_opts.window_bits: -14
2021/07/05-18:27:43.055141 1125f0e00                  Options.bottommost_compression_opts.level: 32767
2021/07/05-18:27:43.055142 1125f0e00               Options.bottommost_compression_opts.strategy: 0
2021/07/05-18:27:43.055143 1125f0e00         Options.bottommost_compression_opts.max_dict_bytes: 0
2021/07/05-18:27:43.055144 1125f0e00         Options.bottommost_compression_opts.zstd_max_train_bytes: 0
2021/07/05-18:27:43.055145 1125f0e00         Options.bottommost_compression_opts.parallel_threads: 1
2021/07/05-18:27:43.055146 1125f0e00                  Options.bottommost_compression_opts.enabled: false
2021/07/05-18:27:43.055147 1125f0e00            Options.compression_opts.window_bits: -14
2021/07/05-18:27:43.055148 1125f0e00                  Options.compression_opts.level: 32767
2021/07/05-18:27:43.055149 1125f0e00               Options.compression_opts.strategy: 0
2021/07/05-18:27:43.055149 1125f0e00         Options.compression_opts.max_dict_bytes: 0
2021/07/05-18:27:43.055150 1125f0e00         Options.compression_opts.zstd_max_train_bytes: 0
2021/07/05-18:27:43.055151 1125f0e00         Options.compression_opts.parallel_threads: 1
2021/07/05-18:27:43.055152 1125f0e00                  Options.compression_opts.enabled: false
2021/07/05-18:27:43.055153 1125f0e00      Options.level0_file_num_compaction_trigger: 4
2021/07/05-18:27:43.055175 1125f0e00          Options.level0_slowdown_writes_trigger: 20
2021/07/05-18:27:43.055177 1125f0e00              Options.level0_stop_writes_trigger: 36
2021/07/05-18:27:43.055177 1125f0e00                   Options.target_file_size_base: 67108864
2021/07/05-18:27:43.055178 1125f0e00             Options.target_file_size_multiplier: 1
2021/07/05-18:27:43.055179 1125f0e00                Options.max_bytes_for_level_base: 268435456
2021/07/05-18:27:43.055180 1125f0e00 Options.level_compaction_dynamic_level_bytes: 0
2021/07/05-18:27:43.055181 1125f0e00          Options.max_bytes_for_level_multiplier: 10.000000
2021/07/05-18:27:43.055182 1125f0e00 Options.max_bytes_for_level_multiplier_addtl[0]: 1
2021/07/05-18:27:43.055183 1125f0e00 Options.max_bytes_for_level_multiplier_addtl[1]: 1
2021/07/05-18:27:43.055184 1125f0e00 Options.max_bytes_for_level_multiplier_addtl[2]: 1
2021/07/05-18:27:43.055185 1125f0e00 Options.max_bytes_for_level_multiplier_addtl[3]: 1
2021/07/05-18:27:43.055186 1125f0e00 Options.max_bytes_for_level_multiplier_addtl[4]: 1
2021/07/05-18:27:43.055187 1125f0e00 Options.max_bytes_for_level_multiplier_addtl[5]: 1
2021/07/05-18:27:43.055188 1125f0e00 Options.max_bytes_for_level_multiplier_addtl[6]: 1
2021/07/05-18:27:43.055189 1125f0e00       Options.max_sequential_skip_in_iterations: 8
2021/07/05-18:27:43.055190 1125f0e00                    Options.max_compaction_bytes: 1677721600
2021/07/05-18:27:43.055191 1125f0e00                        Options.arena_block_size: 8388608
2021/07/05-18:27:43.055192 1125f0e00   Options.soft_pending_compaction_bytes_limit: 68719476736
2021/07/05-18:27:43.055192 1125f0e00   Options.hard_pending_compaction_bytes_limit: 274877906944
2021/07/05-18:27:43.055193 1125f0e00       Options.rate_limit_delay_max_milliseconds: 100
2021/07/05-18:27:43.055194 1125f0e00                Options.disable_auto_compactions: 1
2021/07/05-18:27:43.055195 1125f0e00                        Options.compaction_style: kCompactionStyleLevel
2021/07/05-18:27:43.055196 1125f0e00                          Options.compaction_pri: kMinOverlappingRatio
2021/07/05-18:27:43.055197 1125f0e00 Options.compaction_options_universal.size_ratio: 1
2021/07/05-18:27:43.055198 1125f0e00 Options.compaction_options_universal.min_merge_width: 2
2021/07/05-18:27:43.055199 1125f0e00 Options.compaction_options_universal.max_merge_width: 4294967295
2021/07/05-18:27:43.055200 1125f0e00 Options.compaction_options_universal.max_size_amplification_percent: 200
2021/07/05-18:27:43.055201 1125f0e00 Options.compaction_options_universal.compression_size_percent: -1
2021/07/05-18:27:43.055202 1125f0e00 Options.compaction_options_universal.stop_style: kCompactionStopStyleTotalSize
2021/07/05-18:27:43.055203 1125f0e00 Options.compaction_options_fifo.max_table_files_size: 1073741824
2021/07/05-18:27:43.055204 1125f0e00 Options.compaction_options_fifo.allow_compaction: 0
2021/07/05-18:27:43.055205 1125f0e00                   Options.table_properties_collectors: 
2021/07/05-18:27:43.055206 1125f0e00                   Options.inplace_update_support: 0
2021/07/05-18:27:43.055207 1125f0e00                 Options.inplace_update_num_locks: 10000
2021/07/05-18:27:43.055208 1125f0e00               Options.memtable_prefix_bloom_size_ratio: 0.000000
2021/07/05-18:27:43.055209 1125f0e00               Options.memtable_whole_key_filtering: 0
2021/07/05-18:27:43.055210 1125f0e00   Options.memtable_huge_page_size: 0
2021/07/05-18:27:43.055211 1125f0e00                           Options.bloom_locality: 0
2021/07/05-18:27:43.055212 1125f0e00                    Options.max_successive_merges: 0
2021/07/05-18:27:43.055213 1125f0e00                Options.optimize_filters_for_hits: 0
2021/07/05-18:27:43.055213 1125f0e00                Options.paranoid_file_checks: 0
2021/07/05-18:27:43.055214 1125f0e00                Options.force_consistency_checks: 0
2021/07/05-18:27:43.055215 1125f0e00                Options.report_bg_io_stats: 0
2021/07/05-18:27:43.055216 1125f0e00                               Options.ttl: 2592000
2021/07/05-18:27:43.055217 1125f0e00          Options.periodic_compaction_seconds: 2592000
2021/07/05-18:27:43.055291 1125f0e00 [db/db_impl/db_impl.cc:2563] Created column family [CES] (ID 2)
2021/07/05-18:27:43.058237 1125f0e00 [db/db_impl/db_impl_open.cc:1639] SstFileManager instance 0x7ff59e604590
2021/07/05-18:27:43.058291 1125f0e00 DB pointer 0x7ff5a082b400
2021/07/05-18:27:44.061131 7000106b9000 [db/db_impl/db_impl.cc:899] ------- DUMPING STATS -------
2021/07/05-18:27:44.061142 7000106b9000 [db/db_impl/db_impl.cc:900] 
** DB Stats **
Uptime(secs): 1.0 total, 1.0 interval
Cumulative writes: 2 writes, 2 keys, 2 commit groups, 0.7 writes per commit group, ingest: 0.00 GB, 0.00 MB/s
Cumulative WAL: 2 writes, 0 syncs, 2.00 writes per sync, written: 0.00 GB, 0.00 MB/s
Cumulative stall: 00:00:0.000 H:M:S, 0.0 percent
Interval writes: 2 writes, 2 keys, 2 commit groups, 0.7 writes per commit group, ingest: 0.00 MB, 0.00 MB/s
Interval WAL: 2 writes, 0 syncs, 2.00 writes per sync, written: 0.00 MB, 0.00 MB/s
Interval stall: 00:00:0.000 H:M:S, 0.0 percent

** Compaction Stats [default] **
Level    Files   Size     Score Read(GB)  Rn(GB) Rnp1(GB) Write(GB) Wnew(GB) Moved(GB) W-Amp Rd(MB/s) Wr(MB/s) Comp(sec) CompMergeCPU(sec) Comp(cnt) Avg(sec) KeyIn KeyDrop
----------------------------------------------------------------------------------------------------------------------------------------------------------------------------
 Sum      0/0    0.00 KB   0.0      0.0     0.0      0.0       0.0      0.0       0.0   0.0      0.0      0.0      0.00              0.00         0    0.000       0      0
 Int      0/0    0.00 KB   0.0      0.0     0.0      0.0       0.0      0.0       0.0   0.0      0.0      0.0      0.00              0.00         0    0.000       0      0

** Compaction Stats [default] **
Priority    Files   Size     Score Read(GB)  Rn(GB) Rnp1(GB) Write(GB) Wnew(GB) Moved(GB) W-Amp Rd(MB/s) Wr(MB/s) Comp(sec) CompMergeCPU(sec) Comp(cnt) Avg(sec) KeyIn KeyDrop
-------------------------------------------------------------------------------------------------------------------------------------------------------------------------------
Uptime(secs): 1.0 total, 1.0 interval
Flush(GB): cumulative 0.000, interval 0.000
AddFile(GB): cumulative 0.000, interval 0.000
AddFile(Total Files): cumulative 0, interval 0
AddFile(L0 Files): cumulative 0, interval 0
AddFile(Keys): cumulative 0, interval 0
Cumulative compaction: 0.00 GB write, 0.00 MB/s write, 0.00 GB read, 0.00 MB/s read, 0.0 seconds
Interval compaction: 0.00 GB write, 0.00 MB/s write, 0.00 GB read, 0.00 MB/s read, 0.0 seconds
Stalls(count): 0 level0_slowdown, 0 level0_slowdown_with_compaction, 0 level0_numfiles, 0 level0_numfiles_with_compaction, 0 stop for pending_compaction_bytes, 0 slowdown for pending_compaction_bytes, 0 memtable_compaction, 0 memtable_slowdown, interval 0 total count

** File Read Latency Histogram By Level [default] **

** Compaction Stats [CE] **
Level    Files   Size     Score Read(GB)  Rn(GB) Rnp1(GB) Write(GB) Wnew(GB) Moved(GB) W-Amp Rd(MB/s) Wr(MB/s) Comp(sec) CompMergeCPU(sec) Comp(cnt) Avg(sec) KeyIn KeyDrop
----------------------------------------------------------------------------------------------------------------------------------------------------------------------------
 Sum      0/0    0.00 KB   0.0      0.0     0.0      0.0       0.0      0.0       0.0   0.0      0.0      0.0      0.00              0.00         0    0.000       0      0
 Int      0/0    0.00 KB   0.0      0.0     0.0      0.0       0.0      0.0       0.0   0.0      0.0      0.0      0.00              0.00         0    0.000       0      0

** Compaction Stats [CE] **
Priority    Files   Size     Score Read(GB)  Rn(GB) Rnp1(GB) Write(GB) Wnew(GB) Moved(GB) W-Amp Rd(MB/s) Wr(MB/s) Comp(sec) CompMergeCPU(sec) Comp(cnt) Avg(sec) KeyIn KeyDrop
-------------------------------------------------------------------------------------------------------------------------------------------------------------------------------
Uptime(secs): 1.0 total, 1.0 interval
Flush(GB): cumulative 0.000, interval 0.000
AddFile(GB): cumulative 0.000, interval 0.000
AddFile(Total Files): cumulative 0, interval 0
AddFile(L0 Files): cumulative 0, interval 0
AddFile(Keys): cumulative 0, interval 0
Cumulative compaction: 0.00 GB write, 0.00 MB/s write, 0.00 GB read, 0.00 MB/s read, 0.0 seconds
Interval compaction: 0.00 GB write, 0.00 MB/s write, 0.00 GB read, 0.00 MB/s read, 0.0 seconds
Stalls(count): 0 level0_slowdown, 0 level0_slowdown_with_compaction, 0 level0_numfiles, 0 level0_numfiles_with_compaction, 0 stop for pending_compaction_bytes, 0 slowdown for pending_compaction_bytes, 0 memtable_compaction, 0 memtable_slowdown, interval 0 total count

** File Read Latency Histogram By Level [CE] **

** Compaction Stats [CES] **
Level    Files   Size     Score Read(GB)  Rn(GB) Rnp1(GB) Write(GB) Wnew(GB) Moved(GB) W-Amp Rd(MB/s) Wr(MB/s) Comp(sec) CompMergeCPU(sec) Comp(cnt) Avg(sec) KeyIn KeyDrop
----------------------------------------------------------------------------------------------------------------------------------------------------------------------------
 Sum      0/0    0.00 KB   0.0      0.0     0.0      0.0       0.0      0.0       0.0   0.0      0.0      0.0      0.00              0.00         0    0.000       0      0
 Int      0/0    0.00 KB   0.0      0.0     0.0      0.0       0.0      0.0       0.0   0.0      0.0      0.0      0.00              0.00         0    0.000       0      0

** Compaction Stats [CES] **
Priority    Files   Size     Score Read(GB)  Rn(GB) Rnp1(GB) Write(GB) Wnew(GB) Moved(GB) W-Amp Rd(MB/s) Wr(MB/s) Comp(sec) CompMergeCPU(sec) Comp(cnt) Avg(sec) KeyIn KeyDrop
